(12, 32) (0, 1) (0, 30) 
(12, 33) (0, 1) (1, 30) 
(12, 33) (0, 1) (0, 30) 
(11, 29) (0, 1) (1, 30) 
(11, 29) (0, 1) (0, 30) 
(11, 30) (0, 1) (2, 30) 
(11, 30) (0, 1) (1, 30) 
(11, 30) (0, 1) (0, 29) 
(11, 30) (0, 1) (0, 30) 
(11, 31) (0, 1) (3, 30) 
(11, 31) (0, 1) (2, 30) 
(11, 31) (0, 1) (1, 29) 
(11, 31) (0, 1) (1, 30) 
(11, 31) (0, 1) (0, 28) 
(11, 31) (0, 1) (0, 29) 
(11, 31) (0, 1) (0, 30) 
(11, 32) (0, 1) (3, 30) 
(11, 32) (0, 1) (2, 29) 
(11, 32) (0, 1) (2, 30) 
(11, 32) (0, 1) (1, 28) 
(11, 32) (0, 1) (1, 29) 
(11, 32) (0, 1) (1, 30) 
(11, 32) (0, 1) (0, 28) 
(11, 32) (0, 1) (0, 29) 
(11, 32) (0, 1) (0, 30) 
(11, 33) (0, 1) (4, 30) 
(11, 33) (0, 1) (3, 29) 
(11, 33) (0, 1) (3, 30) 
(11, 33) (0, 1) (2, 28) 
(11, 33) (0, 1) (2, 29) 
(11, 33) (0, 1) (2, 30) 
(11, 33) (0, 1) (1, 28) 
(11, 33) (0, 1) (1, 29) 
(11, 33) (0, 1) (1, 30) 
(11, 33) (0, 1) (0, 27) 
(11, 33) (0, 1) (0, 28) 
(11, 33) (0, 1) (0, 29) 
(11, 33) (0, 1) (0, 30) 
(10, 28) (0, 1) (1, 30) 
(10, 28) (0, 1) (0, 30) 
(10, 29) (0, 1) (3, 30) 
(10, 29) (0, 1) (2, 30) 
(10, 29) (0, 1) (1, 29) 
(10, 29) (0, 1) (1, 30) 
(10, 29) (0, 1) (0, 28) 
(10, 29) (0, 1) (0, 29) 
(10, 29) (0, 1) (0, 30) 
(10, 30) (0, 1) (3, 30) 
(10, 30) (0, 1) (2, 29) 
(10, 30) (0, 1) (2, 30) 
(10, 30) (0, 1) (1, 28) 
(10, 30) (0, 1) (1, 29) 
(10, 30) (0, 1) (1, 30) 
(10, 30) (0, 1) (0, 28) 
(10, 30) (0, 1) (0, 29) 
(10, 30) (0, 1) (0, 30) 
(10, 31) (0, 1) (4, 30) 
(10, 31) (0, 1) (3, 29) 
(10, 31) (0, 1) (3, 30) 
(10, 31) (0, 1) (2, 28) 
(10, 31) (0, 1) (2, 29) 
(10, 31) (0, 1) (2, 30) 
(10, 31) (0, 1) (1, 28) 
(10, 31) (0, 1) (1, 29) 
(10, 31) (0, 1) (1, 30) 
(10, 31) (0, 1) (0, 27) 
(10, 31) (0, 1) (0, 28) 
(10, 31) (0, 1) (0, 29) 
(10, 31) (0, 1) (0, 30) 
(10, 32) (0, 1) (5, 30) 
(10, 32) (0, 1) (4, 30) 
(10, 32) (0, 1) (3, 28) 
(10, 32) (0, 1) (3, 29) 
(10, 32) (0, 1) (3, 30) 
(10, 32) (0, 1) (2, 28) 
(10, 32) (0, 1) (2, 29) 
(10, 32) (0, 1) (2, 30) 
(10, 32) (0, 1) (1, 27) 
(10, 32) (0, 1) (1, 28) 
(10, 32) (0, 1) (1, 29) 
(10, 32) (0, 1) (1, 30) 
(10, 32) (0, 1) (0, 26) 
(10, 32) (0, 1) (0, 27) 
(10, 32) (0, 1) (0, 28) 
(10, 32) (0, 1) (0, 29) 
(10, 32) (0, 1) (0, 30) 
(10, 33) (0, 1) (6, 30) 
(10, 33) (0, 1) (5, 30) 
(10, 33) (0, 1) (4, 29) 
(10, 33) (0, 1) (4, 30) 
(10, 33) (0, 1) (3, 28) 
(10, 33) (0, 1) (3, 29) 
(10, 33) (0, 1) (3, 30) 
(10, 33) (0, 1) (2, 27) 
(10, 33) (0, 1) (2, 28) 
(10, 33) (0, 1) (2, 29) 
(10, 33) (0, 1) (2, 30) 
(10, 33) (0, 1) (1, 26) 
(10, 33) (0, 1) (1, 27) 
(10, 33) (0, 1) (1, 28) 
(10, 33) (0, 1) (1, 29) 
(10, 33) (0, 1) (1, 30) 
(10, 33) (0, 1) (0, 26) 
(10, 33) (0, 1) (0, 27) 
(10, 33) (0, 1) (0, 28) 
(10, 33) (0, 1) (0, 29) 
(10, 33) (0, 1) (0, 30) 
(9, 26) (0, 1) (0, 30) 
(9, 27) (0, 1) (3, 30) 
(9, 27) (0, 1) (2, 30) 
(9, 27) (0, 1) (1, 29) 
(9, 27) (0, 1) (1, 30) 
(9, 27) (0, 1) (0, 28) 
(9, 27) (0, 1) (0, 29) 
(9, 27) (0, 1) (0, 30) 
(9, 28) (0, 1) (4, 30) 
(9, 28) (0, 1) (3, 29) 
(9, 28) (0, 1) (3, 30) 
(9, 28) (0, 1) (2, 28) 
(9, 28) (0, 1) (2, 29) 
(9, 28) (0, 1) (2, 30) 
(9, 28) (0, 1) (1, 28) 
(9, 28) (0, 1) (1, 29) 
(9, 28) (0, 1) (1, 30) 
(9, 28) (0, 1) (0, 26) 
(9, 28) (0, 1) (0, 27) 
(9, 28) (0, 1) (0, 28) 
(9, 28) (0, 1) (0, 29) 
(9, 28) (0, 1) (0, 30) 
(9, 29) (0, 1) (6, 30) 
(9, 29) (0, 1) (5, 30) 
(9, 29) (0, 1) (4, 29) 
(9, 29) (0, 1) (4, 30) 
(9, 29) (0, 1) (3, 28) 
(9, 29) (0, 1) (3, 29) 
(9, 29) (0, 1) (3, 30) 
(9, 29) (0, 1) (2, 27) 
(9, 29) (0, 1) (2, 28) 
(9, 29) (0, 1) (2, 29) 
(9, 29) (0, 1) (2, 30) 
(9, 29) (0, 1) (1, 26) 
(9, 29) (0, 1) (1, 27) 
(9, 29) (0, 1) (1, 28) 
(9, 29) (0, 1) (1, 29) 
(9, 29) (0, 1) (1, 30) 
(9, 29) (0, 1) (0, 26) 
(9, 29) (0, 1) (0, 27) 
(9, 29) (0, 1) (0, 28) 
(9, 29) (0, 1) (0, 29) 
(9, 29) (0, 1) (0, 30) 
(9, 30) (0, 1) (6, 30) 
(9, 30) (0, 1) (5, 29) 
(9, 30) (0, 1) (5, 30) 
(9, 30) (0, 1) (4, 28) 
(9, 30) (0, 1) (4, 29) 
(9, 30) (0, 1) (4, 30) 
(9, 30) (0, 1) (3, 27) 
(9, 30) (0, 1) (3, 28) 
(9, 30) (0, 1) (3, 29) 
(9, 30) (0, 1) (3, 30) 
(9, 30) (0, 1) (2, 26) 
(9, 30) (0, 1) (2, 27) 
(9, 30) (0, 1) (2, 28) 
(9, 30) (0, 1) (2, 29) 
(9, 30) (0, 1) (2, 30) 
(9, 30) (0, 1) (1, 26) 
(9, 30) (0, 1) (1, 27) 
(9, 30) (0, 1) (1, 28) 
(9, 30) (0, 1) (1, 29) 
(9, 30) (0, 1) (1, 30) 
(9, 30) (0, 1) (0, 26) 
(9, 30) (0, 1) (0, 27) 
(9, 30) (0, 1) (0, 28) 
(9, 30) (0, 1) (0, 29) 
(9, 30) (0, 1) (0, 30) 
(9, 31) (0, 1) (6, 29) 
(9, 31) (0, 1) (6, 30) 
(9, 31) (0, 1) (5, 28) 
(9, 31) (0, 1) (5, 29) 
(9, 31) (0, 1) (5, 30) 
(9, 31) (0, 1) (4, 28) 
(9, 31) (0, 1) (4, 29) 
(9, 31) (0, 1) (4, 30) 
(9, 31) (0, 1) (3, 26) 
(9, 31) (0, 1) (3, 27) 
(9, 31) (0, 1) (3, 28) 
(9, 31) (0, 1) (3, 29) 
(9, 31) (0, 1) (3, 30) 
(9, 31) (0, 1) (2, 26) 
(9, 31) (0, 1) (2, 27) 
(9, 31) (0, 1) (2, 28) 
(9, 31) (0, 1) (2, 29) 
(9, 31) (0, 1) (2, 30) 
(9, 31) (0, 1) (1, 26) 
(9, 31) (0, 1) (1, 27) 
(9, 31) (0, 1) (1, 28) 
(9, 31) (0, 1) (1, 29) 
(9, 31) (0, 1) (1, 30) 
(9, 31) (0, 1) (0, 25) 
(9, 31) (0, 1) (0, 26) 
(9, 31) (0, 1) (0, 27) 
(9, 31) (0, 1) (0, 28) 
(9, 31) (0, 1) (0, 29) 
(9, 31) (0, 1) (0, 30) 
(9, 32) (0, 1) (6, 28) 
(9, 32) (0, 1) (6, 29) 
(9, 32) (0, 1) (6, 30) 
(9, 32) (0, 1) (5, 28) 
(9, 32) (0, 1) (5, 29) 
(9, 32) (0, 1) (5, 30) 
(9, 32) (0, 1) (4, 27) 
(9, 32) (0, 1) (4, 28) 
(9, 32) (0, 1) (4, 29) 
(9, 32) (0, 1) (4, 30) 
(9, 32) (0, 1) (3, 26) 
(9, 32) (0, 1) (3, 27) 
(9, 32) (0, 1) (3, 28) 
(9, 32) (0, 1) (3, 29) 
(9, 32) (0, 1) (3, 30) 
(9, 32) (0, 1) (2, 26) 
(9, 32) (0, 1) (2, 27) 
(9, 32) (0, 1) (2, 28) 
(9, 32) (0, 1) (2, 29) 
(9, 32) (0, 1) (2, 30) 
(9, 32) (0, 1) (1, 26) 
(9, 32) (0, 1) (1, 27) 
(9, 32) (0, 1) (1, 28) 
(9, 32) (0, 1) (1, 29) 
(9, 32) (0, 1) (1, 30) 
(9, 32) (0, 1) (0, 25) 
(9, 32) (0, 1) (0, 26) 
(9, 32) (0, 1) (0, 27) 
(9, 32) (0, 1) (0, 28) 
(9, 32) (0, 1) (0, 29) 
(9, 32) (0, 1) (0, 30) 
(9, 33) (0, 1) (6, 28) 
(9, 33) (0, 1) (6, 29) 
(9, 33) (0, 1) (6, 30) 
(9, 33) (0, 1) (5, 27) 
(9, 33) (0, 1) (5, 28) 
(9, 33) (0, 1) (5, 29) 
(9, 33) (0, 1) (5, 30) 
(9, 33) (0, 1) (4, 26) 
(9, 33) (0, 1) (4, 27) 
(9, 33) (0, 1) (4, 28) 
(9, 33) (0, 1) (4, 29) 
(9, 33) (0, 1) (4, 30) 
(9, 33) (0, 1) (3, 26) 
(9, 33) (0, 1) (3, 27) 
(9, 33) (0, 1) (3, 28) 
(9, 33) (0, 1) (3, 29) 
(9, 33) (0, 1) (3, 30) 
(9, 33) (0, 1) (2, 26) 
(9, 33) (0, 1) (2, 27) 
(9, 33) (0, 1) (2, 28) 
(9, 33) (0, 1) (2, 29) 
(9, 33) (0, 1) (2, 30) 
(9, 33) (0, 1) (1, 25) 
(9, 33) (0, 1) (1, 26) 
(9, 33) (0, 1) (1, 27) 
(9, 33) (0, 1) (1, 28) 
(9, 33) (0, 1) (1, 29) 
(9, 33) (0, 1) (1, 30) 
(9, 33) (0, 1) (0, 25) 
(9, 33) (0, 1) (0, 26) 
(9, 33) (0, 1) (0, 27) 
(9, 33) (0, 1) (0, 28) 
(9, 33) (0, 1) (0, 29) 
(9, 33) (0, 1) (0, 30) 
(8, 26) (0, 1) (1, 30) 
(8, 26) (0, 1) (0, 29) 
(8, 26) (0, 1) (0, 30) 
(8, 27) (0, 1) (3, 30) 
(8, 27) (0, 1) (2, 29) 
(8, 27) (0, 1) (2, 30) 
(8, 27) (0, 1) (1, 28) 
(8, 27) (0, 1) (1, 29) 
(8, 27) (0, 1) (1, 30) 
(8, 27) (0, 1) (0, 27) 
(8, 27) (0, 1) (0, 28) 
(8, 27) (0, 1) (0, 29) 
(8, 27) (0, 1) (0, 30) 
(8, 28) (0, 1) (5, 30) 
(8, 28) (0, 1) (4, 30) 
(8, 28) (0, 1) (3, 28) 
(8, 28) (0, 1) (3, 29) 
(8, 28) (0, 1) (3, 30) 
(8, 28) (0, 1) (2, 28) 
(8, 28) (0, 1) (2, 29) 
(8, 28) (0, 1) (2, 30) 
(8, 28) (0, 1) (1, 27) 
(8, 28) (0, 1) (1, 28) 
(8, 28) (0, 1) (1, 29) 
(8, 28) (0, 1) (1, 30) 
(8, 28) (0, 1) (0, 26) 
(8, 28) (0, 1) (0, 27) 
(8, 28) (0, 1) (0, 28) 
(8, 28) (0, 1) (0, 29) 
(8, 28) (0, 1) (0, 30) 
(8, 29) (0, 1) (6, 30) 
(8, 29) (0, 1) (5, 29) 
(8, 29) (0, 1) (5, 30) 
(8, 29) (0, 1) (4, 28) 
(8, 29) (0, 1) (4, 29) 
(8, 29) (0, 1) (4, 30) 
(8, 29) (0, 1) (3, 27) 
(8, 29) (0, 1) (3, 28) 
(8, 29) (0, 1) (3, 29) 
(8, 29) (0, 1) (3, 30) 
(8, 29) (0, 1) (2, 26) 
(8, 29) (0, 1) (2, 27) 
(8, 29) (0, 1) (2, 28) 
(8, 29) (0, 1) (2, 29) 
(8, 29) (0, 1) (2, 30) 
(8, 29) (0, 1) (1, 26) 
(8, 29) (0, 1) (1, 27) 
(8, 29) (0, 1) (1, 28) 
(8, 29) (0, 1) (1, 29) 
(8, 29) (0, 1) (1, 30) 
(8, 29) (0, 1) (0, 26) 
(8, 29) (0, 1) (0, 27) 
(8, 29) (0, 1) (0, 28) 
(8, 29) (0, 1) (0, 29) 
(8, 29) (0, 1) (0, 30) 
(8, 30) (0, 1) (6, 29) 
(8, 30) (0, 1) (6, 30) 
(8, 30) (0, 1) (5, 28) 
(8, 30) (0, 1) (5, 29) 
(8, 30) (0, 1) (5, 30) 
(8, 30) (0, 1) (4, 28) 
(8, 30) (0, 1) (4, 29) 
(8, 30) (0, 1) (4, 30) 
(8, 30) (0, 1) (3, 26) 
(8, 30) (0, 1) (3, 27) 
(8, 30) (0, 1) (3, 28) 
(8, 30) (0, 1) (3, 29) 
(8, 30) (0, 1) (3, 30) 
(8, 30) (0, 1) (2, 26) 
(8, 30) (0, 1) (2, 27) 
(8, 30) (0, 1) (2, 28) 
(8, 30) (0, 1) (2, 29) 
(8, 30) (0, 1) (2, 30) 
(8, 30) (0, 1) (1, 26) 
(8, 30) (0, 1) (1, 27) 
(8, 30) (0, 1) (1, 28) 
(8, 30) (0, 1) (1, 29) 
(8, 30) (0, 1) (1, 30) 
(8, 30) (0, 1) (0, 25) 
(8, 30) (0, 1) (0, 26) 
(8, 30) (0, 1) (0, 27) 
(8, 30) (0, 1) (0, 28) 
(8, 30) (0, 1) (0, 29) 
(8, 30) (0, 1) (0, 30) 
(8, 31) (0, 1) (6, 28) 
(8, 31) (0, 1) (6, 29) 
(8, 31) (0, 1) (6, 30) 
(8, 31) (0, 1) (5, 28) 
(8, 31) (0, 1) (5, 29) 
(8, 31) (0, 1) (5, 30) 
(8, 31) (0, 1) (4, 27) 
(8, 31) (0, 1) (4, 28) 
(8, 31) (0, 1) (4, 29) 
(8, 31) (0, 1) (4, 30) 
(8, 31) (0, 1) (3, 26) 
(8, 31) (0, 1) (3, 27) 
(8, 31) (0, 1) (3, 28) 
(8, 31) (0, 1) (3, 29) 
(8, 31) (0, 1) (3, 30) 
(8, 31) (0, 1) (2, 26) 
(8, 31) (0, 1) (2, 27) 
(8, 31) (0, 1) (2, 28) 
(8, 31) (0, 1) (2, 29) 
(8, 31) (0, 1) (2, 30) 
(8, 31) (0, 1) (1, 26) 
(8, 31) (0, 1) (1, 27) 
(8, 31) (0, 1) (1, 28) 
(8, 31) (0, 1) (1, 29) 
(8, 31) (0, 1) (1, 30) 
(8, 31) (0, 1) (0, 25) 
(8, 31) (0, 1) (0, 26) 
(8, 31) (0, 1) (0, 27) 
(8, 31) (0, 1) (0, 28) 
(8, 31) (0, 1) (0, 29) 
(8, 31) (0, 1) (0, 30) 
(8, 32) (0, 1) (6, 28) 
(8, 32) (0, 1) (6, 29) 
(8, 32) (0, 1) (6, 30) 
(8, 32) (0, 1) (5, 27) 
(8, 32) (0, 1) (5, 28) 
(8, 32) (0, 1) (5, 29) 
(8, 32) (0, 1) (5, 30) 
(8, 32) (0, 1) (4, 26) 
(8, 32) (0, 1) (4, 27) 
(8, 32) (0, 1) (4, 28) 
(8, 32) (0, 1) (4, 29) 
(8, 32) (0, 1) (4, 30) 
(8, 32) (0, 1) (3, 26) 
(8, 32) (0, 1) (3, 27) 
(8, 32) (0, 1) (3, 28) 
(8, 32) (0, 1) (3, 29) 
(8, 32) (0, 1) (3, 30) 
(8, 32) (0, 1) (2, 26) 
(8, 32) (0, 1) (2, 27) 
(8, 32) (0, 1) (2, 28) 
(8, 32) (0, 1) (2, 29) 
(8, 32) (0, 1) (2, 30) 
(8, 32) (0, 1) (1, 25) 
(8, 32) (0, 1) (1, 26) 
(8, 32) (0, 1) (1, 27) 
(8, 32) (0, 1) (1, 28) 
(8, 32) (0, 1) (1, 29) 
(8, 32) (0, 1) (1, 30) 
(8, 32) (0, 1) (0, 25) 
(8, 32) (0, 1) (0, 26) 
(8, 32) (0, 1) (0, 27) 
(8, 32) (0, 1) (0, 28) 
(8, 32) (0, 1) (0, 29) 
(8, 32) (0, 1) (0, 30) 
(8, 33) (0, 1) (7, 30) 
(8, 33) (0, 1) (6, 27) 
(8, 33) (0, 1) (6, 28) 
(8, 33) (0, 1) (6, 29) 
(8, 33) (0, 1) (6, 30) 
(8, 33) (0, 1) (5, 26) 
(8, 33) (0, 1) (5, 27) 
(8, 33) (0, 1) (5, 28) 
(8, 33) (0, 1) (5, 29) 
(8, 33) (0, 1) (5, 30) 
(8, 33) (0, 1) (4, 26) 
(8, 33) (0, 1) (4, 27) 
(8, 33) (0, 1) (4, 28) 
(8, 33) (0, 1) (4, 29) 
(8, 33) (0, 1) (4, 30) 
(8, 33) (0, 1) (3, 26) 
(8, 33) (0, 1) (3, 27) 
(8, 33) (0, 1) (3, 28) 
(8, 33) (0, 1) (3, 29) 
(8, 33) (0, 1) (3, 30) 
(8, 33) (0, 1) (2, 25) 
(8, 33) (0, 1) (2, 26) 
(8, 33) (0, 1) (2, 27) 
(8, 33) (0, 1) (2, 28) 
(8, 33) (0, 1) (2, 29) 
(8, 33) (0, 1) (2, 30) 
(8, 33) (0, 1) (1, 25) 
(8, 33) (0, 1) (1, 26) 
(8, 33) (0, 1) (1, 27) 
(8, 33) (0, 1) (1, 28) 
(8, 33) (0, 1) (1, 29) 
(8, 33) (0, 1) (1, 30) 
(8, 33) (0, 1) (0, 25) 
(8, 33) (0, 1) (0, 26) 
(8, 33) (0, 1) (0, 27) 
(8, 33) (0, 1) (0, 28) 
(8, 33) (0, 1) (0, 29) 
(8, 33) (0, 1) (0, 30) 
(7, 25) (0, 1) (1, 30) 
(7, 25) (0, 1) (0, 29) 
(7, 25) (0, 1) (0, 30) 
(7, 26) (0, 1) (3, 30) 
(7, 26) (0, 1) (2, 29) 
(7, 26) (0, 1) (2, 30) 
(7, 26) (0, 1) (1, 28) 
(7, 26) (0, 1) (1, 29) 
(7, 26) (0, 1) (1, 30) 
(7, 26) (0, 1) (0, 27) 
(7, 26) (0, 1) (0, 28) 
(7, 26) (0, 1) (0, 29) 
(7, 26) (0, 1) (0, 30) 
(7, 27) (0, 1) (6, 30) 
(7, 27) (0, 1) (4, 29) 
(7, 27) (0, 1) (4, 30) 
(7, 27) (0, 1) (3, 28) 
(7, 27) (0, 1) (3, 29) 
(7, 27) (0, 1) (3, 30) 
(7, 27) (0, 1) (2, 27) 
(7, 27) (0, 1) (2, 28) 
(7, 27) (0, 1) (2, 29) 
(7, 27) (0, 1) (2, 30) 
(7, 27) (0, 1) (1, 26) 
(7, 27) (0, 1) (1, 27) 
(7, 27) (0, 1) (1, 28) 
(7, 27) (0, 1) (1, 29) 
(7, 27) (0, 1) (1, 30) 
(7, 27) (0, 1) (0, 26) 
(7, 27) (0, 1) (0, 27) 
(7, 27) (0, 1) (0, 28) 
(7, 27) (0, 1) (0, 29) 
(7, 27) (0, 1) (0, 30) 
(7, 28) (0, 1) (6, 29) 
(7, 28) (0, 1) (6, 30) 
(7, 28) (0, 1) (5, 28) 
(7, 28) (0, 1) (5, 29) 
(7, 28) (0, 1) (5, 30) 
(7, 28) (0, 1) (4, 28) 
(7, 28) (0, 1) (4, 29) 
(7, 28) (0, 1) (4, 30) 
(7, 28) (0, 1) (3, 26) 
(7, 28) (0, 1) (3, 27) 
(7, 28) (0, 1) (3, 28) 
(7, 28) (0, 1) (3, 29) 
(7, 28) (0, 1) (3, 30) 
(7, 28) (0, 1) (2, 26) 
(7, 28) (0, 1) (2, 27) 
(7, 28) (0, 1) (2, 28) 
(7, 28) (0, 1) (2, 29) 
(7, 28) (0, 1) (2, 30) 
(7, 28) (0, 1) (1, 26) 
(7, 28) (0, 1) (1, 27) 
(7, 28) (0, 1) (1, 28) 
(7, 28) (0, 1) (1, 29) 
(7, 28) (0, 1) (1, 30) 
(7, 28) (0, 1) (0, 25) 
(7, 28) (0, 1) (0, 26) 
(7, 28) (0, 1) (0, 27) 
(7, 28) (0, 1) (0, 28) 
(7, 28) (0, 1) (0, 29) 
(7, 28) (0, 1) (0, 30) 
(7, 29) (0, 1) (6, 28) 
(7, 29) (0, 1) (6, 29) 
(7, 29) (0, 1) (6, 30) 
(7, 29) (0, 1) (5, 27) 
(7, 29) (0, 1) (5, 28) 
(7, 29) (0, 1) (5, 29) 
(7, 29) (0, 1) (5, 30) 
(7, 29) (0, 1) (4, 26) 
(7, 29) (0, 1) (4, 27) 
(7, 29) (0, 1) (4, 28) 
(7, 29) (0, 1) (4, 29) 
(7, 29) (0, 1) (4, 30) 
(7, 29) (0, 1) (3, 26) 
(7, 29) (0, 1) (3, 27) 
(7, 29) (0, 1) (3, 28) 
(7, 29) (0, 1) (3, 29) 
(7, 29) (0, 1) (3, 30) 
(7, 29) (0, 1) (2, 26) 
(7, 29) (0, 1) (2, 27) 
(7, 29) (0, 1) (2, 28) 
(7, 29) (0, 1) (2, 29) 
(7, 29) (0, 1) (2, 30) 
(7, 29) (0, 1) (1, 25) 
(7, 29) (0, 1) (1, 26) 
(7, 29) (0, 1) (1, 27) 
(7, 29) (0, 1) (1, 28) 
(7, 29) (0, 1) (1, 29) 
(7, 29) (0, 1) (1, 30) 
(7, 29) (0, 1) (0, 25) 
(7, 29) (0, 1) (0, 26) 
(7, 29) (0, 1) (0, 27) 
(7, 29) (0, 1) (0, 28) 
(7, 29) (0, 1) (0, 29) 
(7, 29) (0, 1) (0, 30) 
(7, 30) (0, 1) (6, 27) 
(7, 30) (0, 1) (6, 28) 
(7, 30) (0, 1) (6, 29) 
(7, 30) (0, 1) (6, 30) 
(7, 30) (0, 1) (5, 26) 
(7, 30) (0, 1) (5, 27) 
(7, 30) (0, 1) (5, 28) 
(7, 30) (0, 1) (5, 29) 
(7, 30) (0, 1) (5, 30) 
(7, 30) (0, 1) (4, 26) 
(7, 30) (0, 1) (4, 27) 
(7, 30) (0, 1) (4, 28) 
(7, 30) (0, 1) (4, 29) 
(7, 30) (0, 1) (4, 30) 
(7, 30) (0, 1) (3, 26) 
(7, 30) (0, 1) (3, 27) 
(7, 30) (0, 1) (3, 28) 
(7, 30) (0, 1) (3, 29) 
(7, 30) (0, 1) (3, 30) 
(7, 30) (0, 1) (2, 25) 
(7, 30) (0, 1) (2, 26) 
(7, 30) (0, 1) (2, 27) 
(7, 30) (0, 1) (2, 28) 
(7, 30) (0, 1) (2, 29) 
(7, 30) (0, 1) (2, 30) 
(7, 30) (0, 1) (1, 25) 
(7, 30) (0, 1) (1, 26) 
(7, 30) (0, 1) (1, 27) 
(7, 30) (0, 1) (1, 28) 
(7, 30) (0, 1) (1, 29) 
(7, 30) (0, 1) (1, 30) 
(7, 30) (0, 1) (0, 25) 
(7, 30) (0, 1) (0, 26) 
(7, 30) (0, 1) (0, 27) 
(7, 30) (0, 1) (0, 28) 
(7, 30) (0, 1) (0, 29) 
(7, 30) (0, 1) (0, 30) 
(7, 31) (0, 1) (7, 30) 
(7, 31) (0, 1) (6, 26) 
(7, 31) (0, 1) (6, 27) 
(7, 31) (0, 1) (6, 28) 
(7, 31) (0, 1) (6, 29) 
(7, 31) (0, 1) (6, 30) 
(7, 31) (0, 1) (5, 26) 
(7, 31) (0, 1) (5, 27) 
(7, 31) (0, 1) (5, 28) 
(7, 31) (0, 1) (5, 29) 
(7, 31) (0, 1) (5, 30) 
(7, 31) (0, 1) (4, 26) 
(7, 31) (0, 1) (4, 27) 
(7, 31) (0, 1) (4, 28) 
(7, 31) (0, 1) (4, 29) 
(7, 31) (0, 1) (4, 30) 
(7, 31) (0, 1) (3, 25) 
(7, 31) (0, 1) (3, 26) 
(7, 31) (0, 1) (3, 27) 
(7, 31) (0, 1) (3, 28) 
(7, 31) (0, 1) (3, 29) 
(7, 31) (0, 1) (3, 30) 
(7, 31) (0, 1) (2, 25) 
(7, 31) (0, 1) (2, 26) 
(7, 31) (0, 1) (2, 27) 
(7, 31) (0, 1) (2, 28) 
(7, 31) (0, 1) (2, 29) 
(7, 31) (0, 1) (2, 30) 
(7, 31) (0, 1) (1, 25) 
(7, 31) (0, 1) (1, 26) 
(7, 31) (0, 1) (1, 27) 
(7, 31) (0, 1) (1, 28) 
(7, 31) (0, 1) (1, 29) 
(7, 31) (0, 1) (1, 30) 
(7, 31) (0, 1) (0, 24) 
(7, 31) (0, 1) (0, 25) 
(7, 31) (0, 1) (0, 26) 
(7, 31) (0, 1) (0, 27) 
(7, 31) (0, 1) (0, 28) 
(7, 31) (0, 1) (0, 29) 
(7, 31) (0, 1) (0, 30) 
(7, 32) (0, 1) (7, 30) 
(7, 32) (0, 1) (6, 26) 
(7, 32) (0, 1) (6, 27) 
(7, 32) (0, 1) (6, 28) 
(7, 32) (0, 1) (6, 29) 
(7, 32) (0, 1) (6, 30) 
(7, 32) (0, 1) (5, 26) 
(7, 32) (0, 1) (5, 27) 
(7, 32) (0, 1) (5, 28) 
(7, 32) (0, 1) (5, 29) 
(7, 32) (0, 1) (5, 30) 
(7, 32) (0, 1) (4, 26) 
(7, 32) (0, 1) (4, 27) 
(7, 32) (0, 1) (4, 28) 
(7, 32) (0, 1) (4, 29) 
(7, 32) (0, 1) (4, 30) 
(7, 32) (0, 1) (3, 25) 
(7, 32) (0, 1) (3, 26) 
(7, 32) (0, 1) (3, 27) 
(7, 32) (0, 1) (3, 28) 
(7, 32) (0, 1) (3, 29) 
(7, 32) (0, 1) (3, 30) 
(7, 32) (0, 1) (2, 25) 
(7, 32) (0, 1) (2, 26) 
(7, 32) (0, 1) (2, 27) 
(7, 32) (0, 1) (2, 28) 
(7, 32) (0, 1) (2, 29) 
(7, 32) (0, 1) (2, 30) 
(7, 32) (0, 1) (1, 25) 
(7, 32) (0, 1) (1, 26) 
(7, 32) (0, 1) (1, 27) 
(7, 32) (0, 1) (1, 28) 
(7, 32) (0, 1) (1, 29) 
(7, 32) (0, 1) (1, 30) 
(7, 32) (0, 1) (0, 24) 
(7, 32) (0, 1) (0, 25) 
(7, 32) (0, 1) (0, 26) 
(7, 32) (0, 1) (0, 27) 
(7, 32) (0, 1) (0, 28) 
(7, 32) (0, 1) (0, 29) 
(7, 32) (0, 1) (0, 30) 
(7, 33) (0, 1) (7, 29) 
(7, 33) (0, 1) (7, 30) 
(7, 33) (0, 1) (6, 26) 
(7, 33) (0, 1) (6, 27) 
(7, 33) (0, 1) (6, 28) 
(7, 33) (0, 1) (6, 29) 
(7, 33) (0, 1) (6, 30) 
(7, 33) (0, 1) (5, 26) 
(7, 33) (0, 1) (5, 27) 
(7, 33) (0, 1) (5, 28) 
(7, 33) (0, 1) (5, 29) 
(7, 33) (0, 1) (5, 30) 
(7, 33) (0, 1) (4, 25) 
(7, 33) (0, 1) (4, 26) 
(7, 33) (0, 1) (4, 27) 
(7, 33) (0, 1) (4, 28) 
(7, 33) (0, 1) (4, 29) 
(7, 33) (0, 1) (4, 30) 
(7, 33) (0, 1) (3, 25) 
(7, 33) (0, 1) (3, 26) 
(7, 33) (0, 1) (3, 27) 
(7, 33) (0, 1) (3, 28) 
(7, 33) (0, 1) (3, 29) 
(7, 33) (0, 1) (3, 30) 
(7, 33) (0, 1) (2, 25) 
(7, 33) (0, 1) (2, 26) 
(7, 33) (0, 1) (2, 27) 
(7, 33) (0, 1) (2, 28) 
(7, 33) (0, 1) (2, 29) 
(7, 33) (0, 1) (2, 30) 
(7, 33) (0, 1) (1, 24) 
(7, 33) (0, 1) (1, 25) 
(7, 33) (0, 1) (1, 26) 
(7, 33) (0, 1) (1, 27) 
(7, 33) (0, 1) (1, 28) 
(7, 33) (0, 1) (1, 29) 
(7, 33) (0, 1) (1, 30) 
(7, 33) (0, 1) (0, 24) 
(7, 33) (0, 1) (0, 25) 
(7, 33) (0, 1) (0, 26) 
(7, 33) (0, 1) (0, 27) 
(7, 33) (0, 1) (0, 28) 
(7, 33) (0, 1) (0, 29) 
(7, 33) (0, 1) (0, 30) 
(6, 24) (0, 1) (0, 30) 
(6, 25) (0, 1) (3, 30) 
(6, 25) (0, 1) (2, 29) 
(6, 25) (0, 1) (2, 30) 
(6, 25) (0, 1) (1, 28) 
(6, 25) (0, 1) (1, 29) 
(6, 25) (0, 1) (1, 30) 
(6, 25) (0, 1) (0, 27) 
(6, 25) (0, 1) (0, 28) 
(6, 25) (0, 1) (0, 29) 
(6, 25) (0, 1) (0, 30) 
(6, 26) (0, 1) (6, 30) 
(6, 26) (0, 1) (4, 29) 
(6, 26) (0, 1) (4, 30) 
(6, 26) (0, 1) (3, 28) 
(6, 26) (0, 1) (3, 29) 
(6, 26) (0, 1) (3, 30) 
(6, 26) (0, 1) (2, 27) 
(6, 26) (0, 1) (2, 28) 
(6, 26) (0, 1) (2, 29) 
(6, 26) (0, 1) (2, 30) 
(6, 26) (0, 1) (1, 26) 
(6, 26) (0, 1) (1, 27) 
(6, 26) (0, 1) (1, 28) 
(6, 26) (0, 1) (1, 29) 
(6, 26) (0, 1) (1, 30) 
(6, 26) (0, 1) (0, 26) 
(6, 26) (0, 1) (0, 27) 
(6, 26) (0, 1) (0, 28) 
(6, 26) (0, 1) (0, 29) 
(6, 26) (0, 1) (0, 30) 
(6, 27) (0, 1) (6, 28) 
(6, 27) (0, 1) (6, 29) 
(6, 27) (0, 1) (6, 30) 
(6, 27) (0, 1) (4, 27) 
(6, 27) (0, 1) (4, 28) 
(6, 27) (0, 1) (4, 29) 
(6, 27) (0, 1) (4, 30) 
(6, 27) (0, 1) (3, 26) 
(6, 27) (0, 1) (3, 27) 
(6, 27) (0, 1) (3, 28) 
(6, 27) (0, 1) (3, 29) 
(6, 27) (0, 1) (3, 30) 
(6, 27) (0, 1) (2, 26) 
(6, 27) (0, 1) (2, 27) 
(6, 27) (0, 1) (2, 28) 
(6, 27) (0, 1) (2, 29) 
(6, 27) (0, 1) (2, 30) 
(6, 27) (0, 1) (1, 26) 
(6, 27) (0, 1) (1, 27) 
(6, 27) (0, 1) (1, 28) 
(6, 27) (0, 1) (1, 29) 
(6, 27) (0, 1) (1, 30) 
(6, 27) (0, 1) (0, 25) 
(6, 27) (0, 1) (0, 26) 
(6, 27) (0, 1) (0, 27) 
(6, 27) (0, 1) (0, 28) 
(6, 27) (0, 1) (0, 29) 
(6, 27) (0, 1) (0, 30) 
(6, 28) (0, 1) (6, 27) 
(6, 28) (0, 1) (6, 28) 
(6, 28) (0, 1) (6, 29) 
(6, 28) (0, 1) (6, 30) 
(6, 28) (0, 1) (5, 26) 
(6, 28) (0, 1) (5, 27) 
(6, 28) (0, 1) (5, 28) 
(6, 28) (0, 1) (5, 29) 
(6, 28) (0, 1) (5, 30) 
(6, 28) (0, 1) (4, 26) 
(6, 28) (0, 1) (4, 27) 
(6, 28) (0, 1) (4, 28) 
(6, 28) (0, 1) (4, 29) 
(6, 28) (0, 1) (4, 30) 
(6, 28) (0, 1) (3, 26) 
(6, 28) (0, 1) (3, 27) 
(6, 28) (0, 1) (3, 28) 
(6, 28) (0, 1) (3, 29) 
(6, 28) (0, 1) (3, 30) 
(6, 28) (0, 1) (2, 25) 
(6, 28) (0, 1) (2, 26) 
(6, 28) (0, 1) (2, 27) 
(6, 28) (0, 1) (2, 28) 
(6, 28) (0, 1) (2, 29) 
(6, 28) (0, 1) (2, 30) 
(6, 28) (0, 1) (1, 25) 
(6, 28) (0, 1) (1, 26) 
(6, 28) (0, 1) (1, 27) 
(6, 28) (0, 1) (1, 28) 
(6, 28) (0, 1) (1, 29) 
(6, 28) (0, 1) (1, 30) 
(6, 28) (0, 1) (0, 25) 
(6, 28) (0, 1) (0, 26) 
(6, 28) (0, 1) (0, 27) 
(6, 28) (0, 1) (0, 28) 
(6, 28) (0, 1) (0, 29) 
(6, 28) (0, 1) (0, 30) 
(6, 29) (0, 1) (7, 30) 
(6, 29) (0, 1) (6, 26) 
(6, 29) (0, 1) (6, 27) 
(6, 29) (0, 1) (6, 28) 
(6, 29) (0, 1) (6, 29) 
(6, 29) (0, 1) (6, 30) 
(6, 29) (0, 1) (5, 26) 
(6, 29) (0, 1) (5, 27) 
(6, 29) (0, 1) (5, 28) 
(6, 29) (0, 1) (5, 29) 
(6, 29) (0, 1) (5, 30) 
(6, 29) (0, 1) (4, 26) 
(6, 29) (0, 1) (4, 27) 
(6, 29) (0, 1) (4, 28) 
(6, 29) (0, 1) (4, 29) 
(6, 29) (0, 1) (4, 30) 
(6, 29) (0, 1) (3, 25) 
(6, 29) (0, 1) (3, 26) 
(6, 29) (0, 1) (3, 27) 
(6, 29) (0, 1) (3, 28) 
(6, 29) (0, 1) (3, 29) 
(6, 29) (0, 1) (3, 30) 
(6, 29) (0, 1) (2, 25) 
(6, 29) (0, 1) (2, 26) 
(6, 29) (0, 1) (2, 27) 
(6, 29) (0, 1) (2, 28) 
(6, 29) (0, 1) (2, 29) 
(6, 29) (0, 1) (2, 30) 
(6, 29) (0, 1) (1, 25) 
(6, 29) (0, 1) (1, 26) 
(6, 29) (0, 1) (1, 27) 
(6, 29) (0, 1) (1, 28) 
(6, 29) (0, 1) (1, 29) 
(6, 29) (0, 1) (1, 30) 
(6, 29) (0, 1) (0, 24) 
(6, 29) (0, 1) (0, 25) 
(6, 29) (0, 1) (0, 26) 
(6, 29) (0, 1) (0, 27) 
(6, 29) (0, 1) (0, 28) 
(6, 29) (0, 1) (0, 29) 
(6, 29) (0, 1) (0, 30) 
(6, 30) (0, 1) (7, 29) 
(6, 30) (0, 1) (7, 30) 
(6, 30) (0, 1) (6, 26) 
(6, 30) (0, 1) (6, 27) 
(6, 30) (0, 1) (6, 28) 
(6, 30) (0, 1) (6, 29) 
(6, 30) (0, 1) (6, 30) 
(6, 30) (0, 1) (5, 26) 
(6, 30) (0, 1) (5, 27) 
(6, 30) (0, 1) (5, 28) 
(6, 30) (0, 1) (5, 29) 
(6, 30) (0, 1) (5, 30) 
(6, 30) (0, 1) (4, 25) 
(6, 30) (0, 1) (4, 26) 
(6, 30) (0, 1) (4, 27) 
(6, 30) (0, 1) (4, 28) 
(6, 30) (0, 1) (4, 29) 
(6, 30) (0, 1) (4, 30) 
(6, 30) (0, 1) (3, 25) 
(6, 30) (0, 1) (3, 26) 
(6, 30) (0, 1) (3, 27) 
(6, 30) (0, 1) (3, 28) 
(6, 30) (0, 1) (3, 29) 
(6, 30) (0, 1) (3, 30) 
(6, 30) (0, 1) (2, 25) 
(6, 30) (0, 1) (2, 26) 
(6, 30) (0, 1) (2, 27) 
(6, 30) (0, 1) (2, 28) 
(6, 30) (0, 1) (2, 29) 
(6, 30) (0, 1) (2, 30) 
(6, 30) (0, 1) (1, 24) 
(6, 30) (0, 1) (1, 25) 
(6, 30) (0, 1) (1, 26) 
(6, 30) (0, 1) (1, 27) 
(6, 30) (0, 1) (1, 28) 
(6, 30) (0, 1) (1, 29) 
(6, 30) (0, 1) (1, 30) 
(6, 30) (0, 1) (0, 24) 
(6, 30) (0, 1) (0, 25) 
(6, 30) (0, 1) (0, 26) 
(6, 30) (0, 1) (0, 27) 
(6, 30) (0, 1) (0, 28) 
(6, 30) (0, 1) (0, 29) 
(6, 30) (0, 1) (0, 30) 
(6, 31) (0, 1) (8, 30) 
(6, 31) (0, 1) (7, 28) 
(6, 31) (0, 1) (7, 29) 
(6, 31) (0, 1) (7, 30) 
(6, 31) (0, 1) (6, 26) 
(6, 31) (0, 1) (6, 27) 
(6, 31) (0, 1) (6, 28) 
(6, 31) (0, 1) (6, 29) 
(6, 31) (0, 1) (6, 30) 
(6, 31) (0, 1) (5, 25) 
(6, 31) (0, 1) (5, 26) 
(6, 31) (0, 1) (5, 27) 
(6, 31) (0, 1) (5, 28) 
(6, 31) (0, 1) (5, 29) 
(6, 31) (0, 1) (5, 30) 
(6, 31) (0, 1) (4, 25) 
(6, 31) (0, 1) (4, 26) 
(6, 31) (0, 1) (4, 27) 
(6, 31) (0, 1) (4, 28) 
(6, 31) (0, 1) (4, 29) 
(6, 31) (0, 1) (4, 30) 
(6, 31) (0, 1) (3, 25) 
(6, 31) (0, 1) (3, 26) 
(6, 31) (0, 1) (3, 27) 
(6, 31) (0, 1) (3, 28) 
(6, 31) (0, 1) (3, 29) 
(6, 31) (0, 1) (3, 30) 
(6, 31) (0, 1) (2, 24) 
(6, 31) (0, 1) (2, 25) 
(6, 31) (0, 1) (2, 26) 
(6, 31) (0, 1) (2, 27) 
(6, 31) (0, 1) (2, 28) 
(6, 31) (0, 1) (2, 29) 
(6, 31) (0, 1) (2, 30) 
(6, 31) (0, 1) (1, 24) 
(6, 31) (0, 1) (1, 25) 
(6, 31) (0, 1) (1, 26) 
(6, 31) (0, 1) (1, 27) 
(6, 31) (0, 1) (1, 28) 
(6, 31) (0, 1) (1, 29) 
(6, 31) (0, 1) (1, 30) 
(6, 31) (0, 1) (0, 24) 
(6, 31) (0, 1) (0, 25) 
(6, 31) (0, 1) (0, 26) 
(6, 31) (0, 1) (0, 27) 
(6, 31) (0, 1) (0, 28) 
(6, 31) (0, 1) (0, 29) 
(6, 31) (0, 1) (0, 30) 
(6, 32) (0, 1) (8, 30) 
(6, 32) (0, 1) (7, 28) 
(6, 32) (0, 1) (7, 29) 
(6, 32) (0, 1) (7, 30) 
(6, 32) (0, 1) (6, 25) 
(6, 32) (0, 1) (6, 26) 
(6, 32) (0, 1) (6, 27) 
(6, 32) (0, 1) (6, 28) 
(6, 32) (0, 1) (6, 29) 
(6, 32) (0, 1) (6, 30) 
(6, 32) (0, 1) (5, 25) 
(6, 32) (0, 1) (5, 26) 
(6, 32) (0, 1) (5, 27) 
(6, 32) (0, 1) (5, 28) 
(6, 32) (0, 1) (5, 29) 
(6, 32) (0, 1) (5, 30) 
(6, 32) (0, 1) (4, 25) 
(6, 32) (0, 1) (4, 26) 
(6, 32) (0, 1) (4, 27) 
(6, 32) (0, 1) (4, 28) 
(6, 32) (0, 1) (4, 29) 
(6, 32) (0, 1) (4, 30) 
(6, 32) (0, 1) (3, 24) 
(6, 32) (0, 1) (3, 25) 
(6, 32) (0, 1) (3, 26) 
(6, 32) (0, 1) (3, 27) 
(6, 32) (0, 1) (3, 28) 
(6, 32) (0, 1) (3, 29) 
(6, 32) (0, 1) (3, 30) 
(6, 32) (0, 1) (2, 24) 
(6, 32) (0, 1) (2, 25) 
(6, 32) (0, 1) (2, 26) 
(6, 32) (0, 1) (2, 27) 
(6, 32) (0, 1) (2, 28) 
(6, 32) (0, 1) (2, 29) 
(6, 32) (0, 1) (2, 30) 
(6, 32) (0, 1) (1, 24) 
(6, 32) (0, 1) (1, 25) 
(6, 32) (0, 1) (1, 26) 
(6, 32) (0, 1) (1, 27) 
(6, 32) (0, 1) (1, 28) 
(6, 32) (0, 1) (1, 29) 
(6, 32) (0, 1) (1, 30) 
(6, 32) (0, 1) (0, 24) 
(6, 32) (0, 1) (0, 25) 
(6, 32) (0, 1) (0, 26) 
(6, 32) (0, 1) (0, 27) 
(6, 32) (0, 1) (0, 28) 
(6, 32) (0, 1) (0, 29) 
(6, 32) (0, 1) (0, 30) 
(6, 33) (0, 1) (8, 29) 
(6, 33) (0, 1) (8, 30) 
(6, 33) (0, 1) (7, 27) 
(6, 33) (0, 1) (7, 28) 
(6, 33) (0, 1) (7, 29) 
(6, 33) (0, 1) (7, 30) 
(6, 33) (0, 1) (6, 25) 
(6, 33) (0, 1) (6, 26) 
(6, 33) (0, 1) (6, 27) 
(6, 33) (0, 1) (6, 28) 
(6, 33) (0, 1) (6, 29) 
(6, 33) (0, 1) (6, 30) 
(6, 33) (0, 1) (5, 25) 
(6, 33) (0, 1) (5, 26) 
(6, 33) (0, 1) (5, 27) 
(6, 33) (0, 1) (5, 28) 
(6, 33) (0, 1) (5, 29) 
(6, 33) (0, 1) (5, 30) 
(6, 33) (0, 1) (4, 25) 
(6, 33) (0, 1) (4, 26) 
(6, 33) (0, 1) (4, 27) 
(6, 33) (0, 1) (4, 28) 
(6, 33) (0, 1) (4, 29) 
(6, 33) (0, 1) (4, 30) 
(6, 33) (0, 1) (3, 24) 
(6, 33) (0, 1) (3, 25) 
(6, 33) (0, 1) (3, 26) 
(6, 33) (0, 1) (3, 27) 
(6, 33) (0, 1) (3, 28) 
(6, 33) (0, 1) (3, 29) 
(6, 33) (0, 1) (3, 30) 
(6, 33) (0, 1) (2, 24) 
(6, 33) (0, 1) (2, 25) 
(6, 33) (0, 1) (2, 26) 
(6, 33) (0, 1) (2, 27) 
(6, 33) (0, 1) (2, 28) 
(6, 33) (0, 1) (2, 29) 
(6, 33) (0, 1) (2, 30) 
(6, 33) (0, 1) (1, 24) 
(6, 33) (0, 1) (1, 25) 
(6, 33) (0, 1) (1, 26) 
(6, 33) (0, 1) (1, 27) 
(6, 33) (0, 1) (1, 28) 
(6, 33) (0, 1) (1, 29) 
(6, 33) (0, 1) (1, 30) 
(6, 33) (0, 1) (0, 23) 
(6, 33) (0, 1) (0, 24) 
(6, 33) (0, 1) (0, 25) 
(6, 33) (0, 1) (0, 26) 
(6, 33) (0, 1) (0, 27) 
(6, 33) (0, 1) (0, 28) 
(6, 33) (0, 1) (0, 29) 
(6, 33) (0, 1) (0, 30) 
(5, 24) (0, 1) (0, 30) 
(5, 25) (0, 1) (4, 30) 
(5, 25) (0, 1) (3, 29) 
(5, 25) (0, 1) (3, 30) 
(5, 25) (0, 1) (2, 28) 
(5, 25) (0, 1) (2, 29) 
(5, 25) (0, 1) (2, 30) 
(5, 25) (0, 1) (1, 28) 
(5, 25) (0, 1) (1, 29) 
(5, 25) (0, 1) (1, 30) 
(5, 25) (0, 1) (0, 26) 
(5, 25) (0, 1) (0, 27) 
(5, 25) (0, 1) (0, 28) 
(5, 25) (0, 1) (0, 29) 
(5, 25) (0, 1) (0, 30) 
(5, 26) (0, 1) (6, 29) 
(5, 26) (0, 1) (6, 30) 
(5, 26) (0, 1) (4, 28) 
(5, 26) (0, 1) (4, 29) 
(5, 26) (0, 1) (4, 30) 
(5, 26) (0, 1) (3, 27) 
(5, 26) (0, 1) (3, 28) 
(5, 26) (0, 1) (3, 29) 
(5, 26) (0, 1) (3, 30) 
(5, 26) (0, 1) (2, 26) 
(5, 26) (0, 1) (2, 27) 
(5, 26) (0, 1) (2, 28) 
(5, 26) (0, 1) (2, 29) 
(5, 26) (0, 1) (2, 30) 
(5, 26) (0, 1) (1, 26) 
(5, 26) (0, 1) (1, 27) 
(5, 26) (0, 1) (1, 28) 
(5, 26) (0, 1) (1, 29) 
(5, 26) (0, 1) (1, 30) 
(5, 26) (0, 1) (0, 26) 
(5, 26) (0, 1) (0, 27) 
(5, 26) (0, 1) (0, 28) 
(5, 26) (0, 1) (0, 29) 
(5, 26) (0, 1) (0, 30) 
(5, 27) (0, 1) (6, 27) 
(5, 27) (0, 1) (6, 28) 
(5, 27) (0, 1) (6, 29) 
(5, 27) (0, 1) (6, 30) 
(5, 27) (0, 1) (4, 26) 
(5, 27) (0, 1) (4, 27) 
(5, 27) (0, 1) (4, 28) 
(5, 27) (0, 1) (4, 29) 
(5, 27) (0, 1) (4, 30) 
(5, 27) (0, 1) (3, 26) 
(5, 27) (0, 1) (3, 27) 
(5, 27) (0, 1) (3, 28) 
(5, 27) (0, 1) (3, 29) 
(5, 27) (0, 1) (3, 30) 
(5, 27) (0, 1) (2, 26) 
(5, 27) (0, 1) (2, 27) 
(5, 27) (0, 1) (2, 28) 
(5, 27) (0, 1) (2, 29) 
(5, 27) (0, 1) (2, 30) 
(5, 27) (0, 1) (1, 25) 
(5, 27) (0, 1) (1, 26) 
(5, 27) (0, 1) (1, 27) 
(5, 27) (0, 1) (1, 28) 
(5, 27) (0, 1) (1, 29) 
(5, 27) (0, 1) (1, 30) 
(5, 27) (0, 1) (0, 25) 
(5, 27) (0, 1) (0, 26) 
(5, 27) (0, 1) (0, 27) 
(5, 27) (0, 1) (0, 28) 
(5, 27) (0, 1) (0, 29) 
(5, 27) (0, 1) (0, 30) 
(5, 28) (0, 1) (7, 30) 
(5, 28) (0, 1) (6, 26) 
(5, 28) (0, 1) (6, 27) 
(5, 28) (0, 1) (6, 28) 
(5, 28) (0, 1) (6, 29) 
(5, 28) (0, 1) (6, 30) 
(5, 28) (0, 1) (5, 26) 
(5, 28) (0, 1) (5, 27) 
(5, 28) (0, 1) (5, 28) 
(5, 28) (0, 1) (5, 29) 
(5, 28) (0, 1) (5, 30) 
(5, 28) (0, 1) (4, 26) 
(5, 28) (0, 1) (4, 27) 
(5, 28) (0, 1) (4, 28) 
(5, 28) (0, 1) (4, 29) 
(5, 28) (0, 1) (4, 30) 
(5, 28) (0, 1) (3, 25) 
(5, 28) (0, 1) (3, 26) 
(5, 28) (0, 1) (3, 27) 
(5, 28) (0, 1) (3, 28) 
(5, 28) (0, 1) (3, 29) 
(5, 28) (0, 1) (3, 30) 
(5, 28) (0, 1) (2, 25) 
(5, 28) (0, 1) (2, 26) 
(5, 28) (0, 1) (2, 27) 
(5, 28) (0, 1) (2, 28) 
(5, 28) (0, 1) (2, 29) 
(5, 28) (0, 1) (2, 30) 
(5, 28) (0, 1) (1, 25) 
(5, 28) (0, 1) (1, 26) 
(5, 28) (0, 1) (1, 27) 
(5, 28) (0, 1) (1, 28) 
(5, 28) (0, 1) (1, 29) 
(5, 28) (0, 1) (1, 30) 
(5, 28) (0, 1) (0, 24) 
(5, 28) (0, 1) (0, 25) 
(5, 28) (0, 1) (0, 26) 
(5, 28) (0, 1) (0, 27) 
(5, 28) (0, 1) (0, 28) 
(5, 28) (0, 1) (0, 29) 
(5, 28) (0, 1) (0, 30) 
(5, 29) (0, 1) (7, 29) 
(5, 29) (0, 1) (7, 30) 
(5, 29) (0, 1) (6, 26) 
(5, 29) (0, 1) (6, 27) 
(5, 29) (0, 1) (6, 28) 
(5, 29) (0, 1) (6, 29) 
(5, 29) (0, 1) (6, 30) 
(5, 29) (0, 1) (5, 26) 
(5, 29) (0, 1) (5, 27) 
(5, 29) (0, 1) (5, 28) 
(5, 29) (0, 1) (5, 29) 
(5, 29) (0, 1) (5, 30) 
(5, 29) (0, 1) (4, 25) 
(5, 29) (0, 1) (4, 26) 
(5, 29) (0, 1) (4, 27) 
(5, 29) (0, 1) (4, 28) 
(5, 29) (0, 1) (4, 29) 
(5, 29) (0, 1) (4, 30) 
(5, 29) (0, 1) (3, 25) 
(5, 29) (0, 1) (3, 26) 
(5, 29) (0, 1) (3, 27) 
(5, 29) (0, 1) (3, 28) 
(5, 29) (0, 1) (3, 29) 
(5, 29) (0, 1) (3, 30) 
(5, 29) (0, 1) (2, 25) 
(5, 29) (0, 1) (2, 26) 
(5, 29) (0, 1) (2, 27) 
(5, 29) (0, 1) (2, 28) 
(5, 29) (0, 1) (2, 29) 
(5, 29) (0, 1) (2, 30) 
(5, 29) (0, 1) (1, 24) 
(5, 29) (0, 1) (1, 25) 
(5, 29) (0, 1) (1, 26) 
(5, 29) (0, 1) (1, 27) 
(5, 29) (0, 1) (1, 28) 
(5, 29) (0, 1) (1, 29) 
(5, 29) (0, 1) (1, 30) 
(5, 29) (0, 1) (0, 24) 
(5, 29) (0, 1) (0, 25) 
(5, 29) (0, 1) (0, 26) 
(5, 29) (0, 1) (0, 27) 
(5, 29) (0, 1) (0, 28) 
(5, 29) (0, 1) (0, 29) 
(5, 29) (0, 1) (0, 30) 
(5, 30) (0, 1) (8, 30) 
(5, 30) (0, 1) (7, 28) 
(5, 30) (0, 1) (7, 29) 
(5, 30) (0, 1) (7, 30) 
(5, 30) (0, 1) (6, 26) 
(5, 30) (0, 1) (6, 27) 
(5, 30) (0, 1) (6, 28) 
(5, 30) (0, 1) (6, 29) 
(5, 30) (0, 1) (6, 30) 
(5, 30) (0, 1) (5, 25) 
(5, 30) (0, 1) (5, 26) 
(5, 30) (0, 1) (5, 27) 
(5, 30) (0, 1) (5, 28) 
(5, 30) (0, 1) (5, 29) 
(5, 30) (0, 1) (5, 30) 
(5, 30) (0, 1) (4, 25) 
(5, 30) (0, 1) (4, 26) 
(5, 30) (0, 1) (4, 27) 
(5, 30) (0, 1) (4, 28) 
(5, 30) (0, 1) (4, 29) 
(5, 30) (0, 1) (4, 30) 
(5, 30) (0, 1) (3, 25) 
(5, 30) (0, 1) (3, 26) 
(5, 30) (0, 1) (3, 27) 
(5, 30) (0, 1) (3, 28) 
(5, 30) (0, 1) (3, 29) 
(5, 30) (0, 1) (3, 30) 
(5, 30) (0, 1) (2, 24) 
(5, 30) (0, 1) (2, 25) 
(5, 30) (0, 1) (2, 26) 
(5, 30) (0, 1) (2, 27) 
(5, 30) (0, 1) (2, 28) 
(5, 30) (0, 1) (2, 29) 
(5, 30) (0, 1) (2, 30) 
(5, 30) (0, 1) (1, 24) 
(5, 30) (0, 1) (1, 25) 
(5, 30) (0, 1) (1, 26) 
(5, 30) (0, 1) (1, 27) 
(5, 30) (0, 1) (1, 28) 
(5, 30) (0, 1) (1, 29) 
(5, 30) (0, 1) (1, 30) 
(5, 30) (0, 1) (0, 24) 
(5, 30) (0, 1) (0, 25) 
(5, 30) (0, 1) (0, 26) 
(5, 30) (0, 1) (0, 27) 
(5, 30) (0, 1) (0, 28) 
(5, 30) (0, 1) (0, 29) 
(5, 30) (0, 1) (0, 30) 
(5, 31) (0, 1) (8, 30) 
(5, 31) (0, 1) (7, 28) 
(5, 31) (0, 1) (7, 29) 
(5, 31) (0, 1) (7, 30) 
(5, 31) (0, 1) (6, 25) 
(5, 31) (0, 1) (6, 26) 
(5, 31) (0, 1) (6, 27) 
(5, 31) (0, 1) (6, 28) 
(5, 31) (0, 1) (6, 29) 
(5, 31) (0, 1) (6, 30) 
(5, 31) (0, 1) (5, 25) 
(5, 31) (0, 1) (5, 26) 
(5, 31) (0, 1) (5, 27) 
(5, 31) (0, 1) (5, 28) 
(5, 31) (0, 1) (5, 29) 
(5, 31) (0, 1) (5, 30) 
(5, 31) (0, 1) (4, 25) 
(5, 31) (0, 1) (4, 26) 
(5, 31) (0, 1) (4, 27) 
(5, 31) (0, 1) (4, 28) 
(5, 31) (0, 1) (4, 29) 
(5, 31) (0, 1) (4, 30) 
(5, 31) (0, 1) (3, 24) 
(5, 31) (0, 1) (3, 25) 
(5, 31) (0, 1) (3, 26) 
(5, 31) (0, 1) (3, 27) 
(5, 31) (0, 1) (3, 28) 
(5, 31) (0, 1) (3, 29) 
(5, 31) (0, 1) (3, 30) 
(5, 31) (0, 1) (2, 24) 
(5, 31) (0, 1) (2, 25) 
(5, 31) (0, 1) (2, 26) 
(5, 31) (0, 1) (2, 27) 
(5, 31) (0, 1) (2, 28) 
(5, 31) (0, 1) (2, 29) 
(5, 31) (0, 1) (2, 30) 
(5, 31) (0, 1) (1, 24) 
(5, 31) (0, 1) (1, 25) 
(5, 31) (0, 1) (1, 26) 
(5, 31) (0, 1) (1, 27) 
(5, 31) (0, 1) (1, 28) 
(5, 31) (0, 1) (1, 29) 
(5, 31) (0, 1) (1, 30) 
(5, 31) (0, 1) (0, 24) 
(5, 31) (0, 1) (0, 25) 
(5, 31) (0, 1) (0, 26) 
(5, 31) (0, 1) (0, 27) 
(5, 31) (0, 1) (0, 28) 
(5, 31) (0, 1) (0, 29) 
(5, 31) (0, 1) (0, 30) 
(5, 32) (0, 1) (8, 29) 
(5, 32) (0, 1) (8, 30) 
(5, 32) (0, 1) (7, 27) 
(5, 32) (0, 1) (7, 28) 
(5, 32) (0, 1) (7, 29) 
(5, 32) (0, 1) (7, 30) 
(5, 32) (0, 1) (6, 25) 
(5, 32) (0, 1) (6, 26) 
(5, 32) (0, 1) (6, 27) 
(5, 32) (0, 1) (6, 28) 
(5, 32) (0, 1) (6, 29) 
(5, 32) (0, 1) (6, 30) 
(5, 32) (0, 1) (5, 25) 
(5, 32) (0, 1) (5, 26) 
(5, 32) (0, 1) (5, 27) 
(5, 32) (0, 1) (5, 28) 
(5, 32) (0, 1) (5, 29) 
(5, 32) (0, 1) (5, 30) 
(5, 32) (0, 1) (4, 25) 
(5, 32) (0, 1) (4, 26) 
(5, 32) (0, 1) (4, 27) 
(5, 32) (0, 1) (4, 28) 
(5, 32) (0, 1) (4, 29) 
(5, 32) (0, 1) (4, 30) 
(5, 32) (0, 1) (3, 24) 
(5, 32) (0, 1) (3, 25) 
(5, 32) (0, 1) (3, 26) 
(5, 32) (0, 1) (3, 27) 
(5, 32) (0, 1) (3, 28) 
(5, 32) (0, 1) (3, 29) 
(5, 32) (0, 1) (3, 30) 
(5, 32) (0, 1) (2, 24) 
(5, 32) (0, 1) (2, 25) 
(5, 32) (0, 1) (2, 26) 
(5, 32) (0, 1) (2, 27) 
(5, 32) (0, 1) (2, 28) 
(5, 32) (0, 1) (2, 29) 
(5, 32) (0, 1) (2, 30) 
(5, 32) (0, 1) (1, 24) 
(5, 32) (0, 1) (1, 25) 
(5, 32) (0, 1) (1, 26) 
(5, 32) (0, 1) (1, 27) 
(5, 32) (0, 1) (1, 28) 
(5, 32) (0, 1) (1, 29) 
(5, 32) (0, 1) (1, 30) 
(5, 32) (0, 1) (0, 23) 
(5, 32) (0, 1) (0, 24) 
(5, 32) (0, 1) (0, 25) 
(5, 32) (0, 1) (0, 26) 
(5, 32) (0, 1) (0, 27) 
(5, 32) (0, 1) (0, 28) 
(5, 32) (0, 1) (0, 29) 
(5, 32) (0, 1) (0, 30) 
(5, 33) (0, 1) (8, 28) 
(5, 33) (0, 1) (8, 29) 
(5, 33) (0, 1) (8, 30) 
(5, 33) (0, 1) (7, 26) 
(5, 33) (0, 1) (7, 27) 
(5, 33) (0, 1) (7, 28) 
(5, 33) (0, 1) (7, 29) 
(5, 33) (0, 1) (7, 30) 
(5, 33) (0, 1) (6, 25) 
(5, 33) (0, 1) (6, 26) 
(5, 33) (0, 1) (6, 27) 
(5, 33) (0, 1) (6, 28) 
(5, 33) (0, 1) (6, 29) 
(5, 33) (0, 1) (6, 30) 
(5, 33) (0, 1) (5, 25) 
(5, 33) (0, 1) (5, 26) 
(5, 33) (0, 1) (5, 27) 
(5, 33) (0, 1) (5, 28) 
(5, 33) (0, 1) (5, 29) 
(5, 33) (0, 1) (5, 30) 
(5, 33) (0, 1) (4, 24) 
(5, 33) (0, 1) (4, 25) 
(5, 33) (0, 1) (4, 26) 
(5, 33) (0, 1) (4, 27) 
(5, 33) (0, 1) (4, 28) 
(5, 33) (0, 1) (4, 29) 
(5, 33) (0, 1) (4, 30) 
(5, 33) (0, 1) (3, 24) 
(5, 33) (0, 1) (3, 25) 
(5, 33) (0, 1) (3, 26) 
(5, 33) (0, 1) (3, 27) 
(5, 33) (0, 1) (3, 28) 
(5, 33) (0, 1) (3, 29) 
(5, 33) (0, 1) (3, 30) 
(5, 33) (0, 1) (2, 24) 
(5, 33) (0, 1) (2, 25) 
(5, 33) (0, 1) (2, 26) 
(5, 33) (0, 1) (2, 27) 
(5, 33) (0, 1) (2, 28) 
(5, 33) (0, 1) (2, 29) 
(5, 33) (0, 1) (2, 30) 
(5, 33) (0, 1) (1, 24) 
(5, 33) (0, 1) (1, 25) 
(5, 33) (0, 1) (1, 26) 
(5, 33) (0, 1) (1, 27) 
(5, 33) (0, 1) (1, 28) 
(5, 33) (0, 1) (1, 29) 
(5, 33) (0, 1) (1, 30) 
(5, 33) (0, 1) (0, 23) 
(5, 33) (0, 1) (0, 24) 
(5, 33) (0, 1) (0, 25) 
(5, 33) (0, 1) (0, 26) 
(5, 33) (0, 1) (0, 27) 
(5, 33) (0, 1) (0, 28) 
(5, 33) (0, 1) (0, 29) 
(5, 33) (0, 1) (0, 30) 
(4, 23) (0, 1) (0, 30) 
(4, 24) (0, 1) (1, 30) 
(4, 24) (0, 1) (0, 29) 
(4, 24) (0, 1) (0, 30) 
(4, 25) (0, 1) (6, 30) 
(4, 25) (0, 1) (4, 30) 
(4, 25) (0, 1) (3, 28) 
(4, 25) (0, 1) (3, 29) 
(4, 25) (0, 1) (3, 30) 
(4, 25) (0, 1) (2, 28) 
(4, 25) (0, 1) (2, 29) 
(4, 25) (0, 1) (2, 30) 
(4, 25) (0, 1) (1, 27) 
(4, 25) (0, 1) (1, 28) 
(4, 25) (0, 1) (1, 29) 
(4, 25) (0, 1) (1, 30) 
(4, 25) (0, 1) (0, 26) 
(4, 25) (0, 1) (0, 27) 
(4, 25) (0, 1) (0, 28) 
(4, 25) (0, 1) (0, 29) 
(4, 25) (0, 1) (0, 30) 
(4, 26) (0, 1) (6, 28) 
(4, 26) (0, 1) (6, 29) 
(4, 26) (0, 1) (6, 30) 
(4, 26) (0, 1) (4, 28) 
(4, 26) (0, 1) (4, 29) 
(4, 26) (0, 1) (4, 30) 
(4, 26) (0, 1) (3, 26) 
(4, 26) (0, 1) (3, 27) 
(4, 26) (0, 1) (3, 28) 
(4, 26) (0, 1) (3, 29) 
(4, 26) (0, 1) (3, 30) 
(4, 26) (0, 1) (2, 26) 
(4, 26) (0, 1) (2, 27) 
(4, 26) (0, 1) (2, 28) 
(4, 26) (0, 1) (2, 29) 
(4, 26) (0, 1) (2, 30) 
(4, 26) (0, 1) (1, 26) 
(4, 26) (0, 1) (1, 27) 
(4, 26) (0, 1) (1, 28) 
(4, 26) (0, 1) (1, 29) 
(4, 26) (0, 1) (1, 30) 
(4, 26) (0, 1) (0, 25) 
(4, 26) (0, 1) (0, 26) 
(4, 26) (0, 1) (0, 27) 
(4, 26) (0, 1) (0, 28) 
(4, 26) (0, 1) (0, 29) 
(4, 26) (0, 1) (0, 30) 
(4, 27) (0, 1) (7, 30) 
(4, 27) (0, 1) (6, 26) 
(4, 27) (0, 1) (6, 27) 
(4, 27) (0, 1) (6, 28) 
(4, 27) (0, 1) (6, 29) 
(4, 27) (0, 1) (6, 30) 
(4, 27) (0, 1) (4, 26) 
(4, 27) (0, 1) (4, 27) 
(4, 27) (0, 1) (4, 28) 
(4, 27) (0, 1) (4, 29) 
(4, 27) (0, 1) (4, 30) 
(4, 27) (0, 1) (3, 26) 
(4, 27) (0, 1) (3, 27) 
(4, 27) (0, 1) (3, 28) 
(4, 27) (0, 1) (3, 29) 
(4, 27) (0, 1) (3, 30) 
(4, 27) (0, 1) (2, 25) 
(4, 27) (0, 1) (2, 26) 
(4, 27) (0, 1) (2, 27) 
(4, 27) (0, 1) (2, 28) 
(4, 27) (0, 1) (2, 29) 
(4, 27) (0, 1) (2, 30) 
(4, 27) (0, 1) (1, 25) 
(4, 27) (0, 1) (1, 26) 
(4, 27) (0, 1) (1, 27) 
(4, 27) (0, 1) (1, 28) 
(4, 27) (0, 1) (1, 29) 
(4, 27) (0, 1) (1, 30) 
(4, 27) (0, 1) (0, 25) 
(4, 27) (0, 1) (0, 26) 
(4, 27) (0, 1) (0, 27) 
(4, 27) (0, 1) (0, 28) 
(4, 27) (0, 1) (0, 29) 
(4, 27) (0, 1) (0, 30) 
(4, 28) (0, 1) (7, 30) 
(4, 28) (0, 1) (6, 26) 
(4, 28) (0, 1) (6, 27) 
(4, 28) (0, 1) (6, 28) 
(4, 28) (0, 1) (6, 29) 
(4, 28) (0, 1) (6, 30) 
(4, 28) (0, 1) (5, 26) 
(4, 28) (0, 1) (5, 27) 
(4, 28) (0, 1) (5, 28) 
(4, 28) (0, 1) (5, 29) 
(4, 28) (0, 1) (5, 30) 
(4, 28) (0, 1) (4, 26) 
(4, 28) (0, 1) (4, 27) 
(4, 28) (0, 1) (4, 28) 
(4, 28) (0, 1) (4, 29) 
(4, 28) (0, 1) (4, 30) 
(4, 28) (0, 1) (3, 25) 
(4, 28) (0, 1) (3, 26) 
(4, 28) (0, 1) (3, 27) 
(4, 28) (0, 1) (3, 28) 
(4, 28) (0, 1) (3, 29) 
(4, 28) (0, 1) (3, 30) 
(4, 28) (0, 1) (2, 25) 
(4, 28) (0, 1) (2, 26) 
(4, 28) (0, 1) (2, 27) 
(4, 28) (0, 1) (2, 28) 
(4, 28) (0, 1) (2, 29) 
(4, 28) (0, 1) (2, 30) 
(4, 28) (0, 1) (1, 25) 
(4, 28) (0, 1) (1, 26) 
(4, 28) (0, 1) (1, 27) 
(4, 28) (0, 1) (1, 28) 
(4, 28) (0, 1) (1, 29) 
(4, 28) (0, 1) (1, 30) 
(4, 28) (0, 1) (0, 24) 
(4, 28) (0, 1) (0, 25) 
(4, 28) (0, 1) (0, 26) 
(4, 28) (0, 1) (0, 27) 
(4, 28) (0, 1) (0, 28) 
(4, 28) (0, 1) (0, 29) 
(4, 28) (0, 1) (0, 30) 
(4, 29) (0, 1) (8, 30) 
(4, 29) (0, 1) (7, 28) 
(4, 29) (0, 1) (7, 29) 
(4, 29) (0, 1) (7, 30) 
(4, 29) (0, 1) (6, 26) 
(4, 29) (0, 1) (6, 27) 
(4, 29) (0, 1) (6, 28) 
(4, 29) (0, 1) (6, 29) 
(4, 29) (0, 1) (6, 30) 
(4, 29) (0, 1) (5, 25) 
(4, 29) (0, 1) (5, 26) 
(4, 29) (0, 1) (5, 27) 
(4, 29) (0, 1) (5, 28) 
(4, 29) (0, 1) (5, 29) 
(4, 29) (0, 1) (5, 30) 
(4, 29) (0, 1) (4, 25) 
(4, 29) (0, 1) (4, 26) 
(4, 29) (0, 1) (4, 27) 
(4, 29) (0, 1) (4, 28) 
(4, 29) (0, 1) (4, 29) 
(4, 29) (0, 1) (4, 30) 
(4, 29) (0, 1) (3, 25) 
(4, 29) (0, 1) (3, 26) 
(4, 29) (0, 1) (3, 27) 
(4, 29) (0, 1) (3, 28) 
(4, 29) (0, 1) (3, 29) 
(4, 29) (0, 1) (3, 30) 
(4, 29) (0, 1) (2, 24) 
(4, 29) (0, 1) (2, 25) 
(4, 29) (0, 1) (2, 26) 
(4, 29) (0, 1) (2, 27) 
(4, 29) (0, 1) (2, 28) 
(4, 29) (0, 1) (2, 29) 
(4, 29) (0, 1) (2, 30) 
(4, 29) (0, 1) (1, 24) 
(4, 29) (0, 1) (1, 25) 
(4, 29) (0, 1) (1, 26) 
(4, 29) (0, 1) (1, 27) 
(4, 29) (0, 1) (1, 28) 
(4, 29) (0, 1) (1, 29) 
(4, 29) (0, 1) (1, 30) 
(4, 29) (0, 1) (0, 24) 
(4, 29) (0, 1) (0, 25) 
(4, 29) (0, 1) (0, 26) 
(4, 29) (0, 1) (0, 27) 
(4, 29) (0, 1) (0, 28) 
(4, 29) (0, 1) (0, 29) 
(4, 29) (0, 1) (0, 30) 
(4, 30) (0, 1) (8, 30) 
(4, 30) (0, 1) (7, 28) 
(4, 30) (0, 1) (7, 29) 
(4, 30) (0, 1) (7, 30) 
(4, 30) (0, 1) (6, 25) 
(4, 30) (0, 1) (6, 26) 
(4, 30) (0, 1) (6, 27) 
(4, 30) (0, 1) (6, 28) 
(4, 30) (0, 1) (6, 29) 
(4, 30) (0, 1) (6, 30) 
(4, 30) (0, 1) (5, 25) 
(4, 30) (0, 1) (5, 26) 
(4, 30) (0, 1) (5, 27) 
(4, 30) (0, 1) (5, 28) 
(4, 30) (0, 1) (5, 29) 
(4, 30) (0, 1) (5, 30) 
(4, 30) (0, 1) (4, 25) 
(4, 30) (0, 1) (4, 26) 
(4, 30) (0, 1) (4, 27) 
(4, 30) (0, 1) (4, 28) 
(4, 30) (0, 1) (4, 29) 
(4, 30) (0, 1) (4, 30) 
(4, 30) (0, 1) (3, 24) 
(4, 30) (0, 1) (3, 25) 
(4, 30) (0, 1) (3, 26) 
(4, 30) (0, 1) (3, 27) 
(4, 30) (0, 1) (3, 28) 
(4, 30) (0, 1) (3, 29) 
(4, 30) (0, 1) (3, 30) 
(4, 30) (0, 1) (2, 24) 
(4, 30) (0, 1) (2, 25) 
(4, 30) (0, 1) (2, 26) 
(4, 30) (0, 1) (2, 27) 
(4, 30) (0, 1) (2, 28) 
(4, 30) (0, 1) (2, 29) 
(4, 30) (0, 1) (2, 30) 
(4, 30) (0, 1) (1, 24) 
(4, 30) (0, 1) (1, 25) 
(4, 30) (0, 1) (1, 26) 
(4, 30) (0, 1) (1, 27) 
(4, 30) (0, 1) (1, 28) 
(4, 30) (0, 1) (1, 29) 
(4, 30) (0, 1) (1, 30) 
(4, 30) (0, 1) (0, 24) 
(4, 30) (0, 1) (0, 25) 
(4, 30) (0, 1) (0, 26) 
(4, 30) (0, 1) (0, 27) 
(4, 30) (0, 1) (0, 28) 
(4, 30) (0, 1) (0, 29) 
(4, 30) (0, 1) (0, 30) 
(4, 31) (0, 1) (8, 29) 
(4, 31) (0, 1) (8, 30) 
(4, 31) (0, 1) (7, 27) 
(4, 31) (0, 1) (7, 28) 
(4, 31) (0, 1) (7, 29) 
(4, 31) (0, 1) (7, 30) 
(4, 31) (0, 1) (6, 25) 
(4, 31) (0, 1) (6, 26) 
(4, 31) (0, 1) (6, 27) 
(4, 31) (0, 1) (6, 28) 
(4, 31) (0, 1) (6, 29) 
(4, 31) (0, 1) (6, 30) 
(4, 31) (0, 1) (5, 25) 
(4, 31) (0, 1) (5, 26) 
(4, 31) (0, 1) (5, 27) 
(4, 31) (0, 1) (5, 28) 
(4, 31) (0, 1) (5, 29) 
(4, 31) (0, 1) (5, 30) 
(4, 31) (0, 1) (4, 25) 
(4, 31) (0, 1) (4, 26) 
(4, 31) (0, 1) (4, 27) 
(4, 31) (0, 1) (4, 28) 
(4, 31) (0, 1) (4, 29) 
(4, 31) (0, 1) (4, 30) 
(4, 31) (0, 1) (3, 24) 
(4, 31) (0, 1) (3, 25) 
(4, 31) (0, 1) (3, 26) 
(4, 31) (0, 1) (3, 27) 
(4, 31) (0, 1) (3, 28) 
(4, 31) (0, 1) (3, 29) 
(4, 31) (0, 1) (3, 30) 
(4, 31) (0, 1) (2, 24) 
(4, 31) (0, 1) (2, 25) 
(4, 31) (0, 1) (2, 26) 
(4, 31) (0, 1) (2, 27) 
(4, 31) (0, 1) (2, 28) 
(4, 31) (0, 1) (2, 29) 
(4, 31) (0, 1) (2, 30) 
(4, 31) (0, 1) (1, 24) 
(4, 31) (0, 1) (1, 25) 
(4, 31) (0, 1) (1, 26) 
(4, 31) (0, 1) (1, 27) 
(4, 31) (0, 1) (1, 28) 
(4, 31) (0, 1) (1, 29) 
(4, 31) (0, 1) (1, 30) 
(4, 31) (0, 1) (0, 23) 
(4, 31) (0, 1) (0, 24) 
(4, 31) (0, 1) (0, 25) 
(4, 31) (0, 1) (0, 26) 
(4, 31) (0, 1) (0, 27) 
(4, 31) (0, 1) (0, 28) 
(4, 31) (0, 1) (0, 29) 
(4, 31) (0, 1) (0, 30) 
(4, 32) (0, 1) (8, 28) 
(4, 32) (0, 1) (8, 29) 
(4, 32) (0, 1) (8, 30) 
(4, 32) (0, 1) (7, 26) 
(4, 32) (0, 1) (7, 27) 
(4, 32) (0, 1) (7, 28) 
(4, 32) (0, 1) (7, 29) 
(4, 32) (0, 1) (7, 30) 
(4, 32) (0, 1) (6, 25) 
(4, 32) (0, 1) (6, 26) 
(4, 32) (0, 1) (6, 27) 
(4, 32) (0, 1) (6, 28) 
(4, 32) (0, 1) (6, 29) 
(4, 32) (0, 1) (6, 30) 
(4, 32) (0, 1) (5, 25) 
(4, 32) (0, 1) (5, 26) 
(4, 32) (0, 1) (5, 27) 
(4, 32) (0, 1) (5, 28) 
(4, 32) (0, 1) (5, 29) 
(4, 32) (0, 1) (5, 30) 
(4, 32) (0, 1) (4, 24) 
(4, 32) (0, 1) (4, 25) 
(4, 32) (0, 1) (4, 26) 
(4, 32) (0, 1) (4, 27) 
(4, 32) (0, 1) (4, 28) 
(4, 32) (0, 1) (4, 29) 
(4, 32) (0, 1) (4, 30) 
(4, 32) (0, 1) (3, 24) 
(4, 32) (0, 1) (3, 25) 
(4, 32) (0, 1) (3, 26) 
(4, 32) (0, 1) (3, 27) 
(4, 32) (0, 1) (3, 28) 
(4, 32) (0, 1) (3, 29) 
(4, 32) (0, 1) (3, 30) 
(4, 32) (0, 1) (2, 24) 
(4, 32) (0, 1) (2, 25) 
(4, 32) (0, 1) (2, 26) 
(4, 32) (0, 1) (2, 27) 
(4, 32) (0, 1) (2, 28) 
(4, 32) (0, 1) (2, 29) 
(4, 32) (0, 1) (2, 30) 
(4, 32) (0, 1) (1, 24) 
(4, 32) (0, 1) (1, 25) 
(4, 32) (0, 1) (1, 26) 
(4, 32) (0, 1) (1, 27) 
(4, 32) (0, 1) (1, 28) 
(4, 32) (0, 1) (1, 29) 
(4, 32) (0, 1) (1, 30) 
(4, 32) (0, 1) (0, 23) 
(4, 32) (0, 1) (0, 24) 
(4, 32) (0, 1) (0, 25) 
(4, 32) (0, 1) (0, 26) 
(4, 32) (0, 1) (0, 27) 
(4, 32) (0, 1) (0, 28) 
(4, 32) (0, 1) (0, 29) 
(4, 32) (0, 1) (0, 30) 
(4, 33) (0, 1) (9, 30) 
(4, 33) (0, 1) (8, 28) 
(4, 33) (0, 1) (8, 29) 
(4, 33) (0, 1) (8, 30) 
(4, 33) (0, 1) (7, 26) 
(4, 33) (0, 1) (7, 27) 
(4, 33) (0, 1) (7, 28) 
(4, 33) (0, 1) (7, 29) 
(4, 33) (0, 1) (7, 30) 
(4, 33) (0, 1) (6, 25) 
(4, 33) (0, 1) (6, 26) 
(4, 33) (0, 1) (6, 27) 
(4, 33) (0, 1) (6, 28) 
(4, 33) (0, 1) (6, 29) 
(4, 33) (0, 1) (6, 30) 
(4, 33) (0, 1) (5, 24) 
(4, 33) (0, 1) (5, 25) 
(4, 33) (0, 1) (5, 26) 
(4, 33) (0, 1) (5, 27) 
(4, 33) (0, 1) (5, 28) 
(4, 33) (0, 1) (5, 29) 
(4, 33) (0, 1) (5, 30) 
(4, 33) (0, 1) (4, 24) 
(4, 33) (0, 1) (4, 25) 
(4, 33) (0, 1) (4, 26) 
(4, 33) (0, 1) (4, 27) 
(4, 33) (0, 1) (4, 28) 
(4, 33) (0, 1) (4, 29) 
(4, 33) (0, 1) (4, 30) 
(4, 33) (0, 1) (3, 24) 
(4, 33) (0, 1) (3, 25) 
(4, 33) (0, 1) (3, 26) 
(4, 33) (0, 1) (3, 27) 
(4, 33) (0, 1) (3, 28) 
(4, 33) (0, 1) (3, 29) 
(4, 33) (0, 1) (3, 30) 
(4, 33) (0, 1) (2, 24) 
(4, 33) (0, 1) (2, 25) 
(4, 33) (0, 1) (2, 26) 
(4, 33) (0, 1) (2, 27) 
(4, 33) (0, 1) (2, 28) 
(4, 33) (0, 1) (2, 29) 
(4, 33) (0, 1) (2, 30) 
(4, 33) (0, 1) (1, 23) 
(4, 33) (0, 1) (1, 24) 
(4, 33) (0, 1) (1, 25) 
(4, 33) (0, 1) (1, 26) 
(4, 33) (0, 1) (1, 27) 
(4, 33) (0, 1) (1, 28) 
(4, 33) (0, 1) (1, 29) 
(4, 33) (0, 1) (1, 30) 
(4, 33) (0, 1) (0, 23) 
(4, 33) (0, 1) (0, 24) 
(4, 33) (0, 1) (0, 25) 
(4, 33) (0, 1) (0, 26) 
(4, 33) (0, 1) (0, 27) 
(4, 33) (0, 1) (0, 28) 
(4, 33) (0, 1) (0, 29) 
(4, 33) (0, 1) (0, 30) 
(3, 23) (0, 1) (0, 30) 
(3, 24) (0, 1) (2, 30) 
(3, 24) (0, 1) (1, 30) 
(3, 24) (0, 1) (0, 28) 
(3, 24) (0, 1) (0, 29) 
(3, 24) (0, 1) (0, 30) 
(3, 25) (0, 1) (6, 30) 
(3, 25) (0, 1) (4, 29) 
(3, 25) (0, 1) (4, 30) 
(3, 25) (0, 1) (3, 28) 
(3, 25) (0, 1) (3, 29) 
(3, 25) (0, 1) (3, 30) 
(3, 25) (0, 1) (2, 27) 
(3, 25) (0, 1) (2, 28) 
(3, 25) (0, 1) (2, 29) 
(3, 25) (0, 1) (2, 30) 
(3, 25) (0, 1) (1, 26) 
(3, 25) (0, 1) (1, 27) 
(3, 25) (0, 1) (1, 28) 
(3, 25) (0, 1) (1, 29) 
(3, 25) (0, 1) (1, 30) 
(3, 25) (0, 1) (0, 26) 
(3, 25) (0, 1) (0, 27) 
(3, 25) (0, 1) (0, 28) 
(3, 25) (0, 1) (0, 29) 
(3, 25) (0, 1) (0, 30) 
(3, 26) (0, 1) (6, 28) 
(3, 26) (0, 1) (6, 29) 
(3, 26) (0, 1) (6, 30) 
(3, 26) (0, 1) (4, 27) 
(3, 26) (0, 1) (4, 28) 
(3, 26) (0, 1) (4, 29) 
(3, 26) (0, 1) (4, 30) 
(3, 26) (0, 1) (3, 26) 
(3, 26) (0, 1) (3, 27) 
(3, 26) (0, 1) (3, 28) 
(3, 26) (0, 1) (3, 29) 
(3, 26) (0, 1) (3, 30) 
(3, 26) (0, 1) (2, 26) 
(3, 26) (0, 1) (2, 27) 
(3, 26) (0, 1) (2, 28) 
(3, 26) (0, 1) (2, 29) 
(3, 26) (0, 1) (2, 30) 
(3, 26) (0, 1) (1, 26) 
(3, 26) (0, 1) (1, 27) 
(3, 26) (0, 1) (1, 28) 
(3, 26) (0, 1) (1, 29) 
(3, 26) (0, 1) (1, 30) 
(3, 26) (0, 1) (0, 25) 
(3, 26) (0, 1) (0, 26) 
(3, 26) (0, 1) (0, 27) 
(3, 26) (0, 1) (0, 28) 
(3, 26) (0, 1) (0, 29) 
(3, 26) (0, 1) (0, 30) 
(3, 27) (0, 1) (7, 30) 
(3, 27) (0, 1) (6, 26) 
(3, 27) (0, 1) (6, 27) 
(3, 27) (0, 1) (6, 28) 
(3, 27) (0, 1) (6, 29) 
(3, 27) (0, 1) (6, 30) 
(3, 27) (0, 1) (4, 26) 
(3, 27) (0, 1) (4, 27) 
(3, 27) (0, 1) (4, 28) 
(3, 27) (0, 1) (4, 29) 
(3, 27) (0, 1) (4, 30) 
(3, 27) (0, 1) (3, 25) 
(3, 27) (0, 1) (3, 26) 
(3, 27) (0, 1) (3, 27) 
(3, 27) (0, 1) (3, 28) 
(3, 27) (0, 1) (3, 29) 
(3, 27) (0, 1) (3, 30) 
(3, 27) (0, 1) (2, 25) 
(3, 27) (0, 1) (2, 26) 
(3, 27) (0, 1) (2, 27) 
(3, 27) (0, 1) (2, 28) 
(3, 27) (0, 1) (2, 29) 
(3, 27) (0, 1) (2, 30) 
(3, 27) (0, 1) (1, 25) 
(3, 27) (0, 1) (1, 26) 
(3, 27) (0, 1) (1, 27) 
(3, 27) (0, 1) (1, 28) 
(3, 27) (0, 1) (1, 29) 
(3, 27) (0, 1) (1, 30) 
(3, 27) (0, 1) (0, 24) 
(3, 27) (0, 1) (0, 25) 
(3, 27) (0, 1) (0, 26) 
(3, 27) (0, 1) (0, 27) 
(3, 27) (0, 1) (0, 28) 
(3, 27) (0, 1) (0, 29) 
(3, 27) (0, 1) (0, 30) 
(3, 28) (0, 1) (7, 29) 
(3, 28) (0, 1) (7, 30) 
(3, 28) (0, 1) (6, 26) 
(3, 28) (0, 1) (6, 27) 
(3, 28) (0, 1) (6, 28) 
(3, 28) (0, 1) (6, 29) 
(3, 28) (0, 1) (6, 30) 
(3, 28) (0, 1) (5, 26) 
(3, 28) (0, 1) (5, 27) 
(3, 28) (0, 1) (5, 28) 
(3, 28) (0, 1) (5, 29) 
(3, 28) (0, 1) (5, 30) 
(3, 28) (0, 1) (4, 25) 
(3, 28) (0, 1) (4, 26) 
(3, 28) (0, 1) (4, 27) 
(3, 28) (0, 1) (4, 28) 
(3, 28) (0, 1) (4, 29) 
(3, 28) (0, 1) (4, 30) 
(3, 28) (0, 1) (3, 25) 
(3, 28) (0, 1) (3, 26) 
(3, 28) (0, 1) (3, 27) 
(3, 28) (0, 1) (3, 28) 
(3, 28) (0, 1) (3, 29) 
(3, 28) (0, 1) (3, 30) 
(3, 28) (0, 1) (2, 25) 
(3, 28) (0, 1) (2, 26) 
(3, 28) (0, 1) (2, 27) 
(3, 28) (0, 1) (2, 28) 
(3, 28) (0, 1) (2, 29) 
(3, 28) (0, 1) (2, 30) 
(3, 28) (0, 1) (1, 24) 
(3, 28) (0, 1) (1, 25) 
(3, 28) (0, 1) (1, 26) 
(3, 28) (0, 1) (1, 27) 
(3, 28) (0, 1) (1, 28) 
(3, 28) (0, 1) (1, 29) 
(3, 28) (0, 1) (1, 30) 
(3, 28) (0, 1) (0, 24) 
(3, 28) (0, 1) (0, 25) 
(3, 28) (0, 1) (0, 26) 
(3, 28) (0, 1) (0, 27) 
(3, 28) (0, 1) (0, 28) 
(3, 28) (0, 1) (0, 29) 
(3, 28) (0, 1) (0, 30) 
(3, 29) (0, 1) (8, 30) 
(3, 29) (0, 1) (7, 28) 
(3, 29) (0, 1) (7, 29) 
(3, 29) (0, 1) (7, 30) 
(3, 29) (0, 1) (6, 25) 
(3, 29) (0, 1) (6, 26) 
(3, 29) (0, 1) (6, 27) 
(3, 29) (0, 1) (6, 28) 
(3, 29) (0, 1) (6, 29) 
(3, 29) (0, 1) (6, 30) 
(3, 29) (0, 1) (5, 25) 
(3, 29) (0, 1) (5, 26) 
(3, 29) (0, 1) (5, 27) 
(3, 29) (0, 1) (5, 28) 
(3, 29) (0, 1) (5, 29) 
(3, 29) (0, 1) (5, 30) 
(3, 29) (0, 1) (4, 25) 
(3, 29) (0, 1) (4, 26) 
(3, 29) (0, 1) (4, 27) 
(3, 29) (0, 1) (4, 28) 
(3, 29) (0, 1) (4, 29) 
(3, 29) (0, 1) (4, 30) 
(3, 29) (0, 1) (3, 24) 
(3, 29) (0, 1) (3, 25) 
(3, 29) (0, 1) (3, 26) 
(3, 29) (0, 1) (3, 27) 
(3, 29) (0, 1) (3, 28) 
(3, 29) (0, 1) (3, 29) 
(3, 29) (0, 1) (3, 30) 
(3, 29) (0, 1) (2, 24) 
(3, 29) (0, 1) (2, 25) 
(3, 29) (0, 1) (2, 26) 
(3, 29) (0, 1) (2, 27) 
(3, 29) (0, 1) (2, 28) 
(3, 29) (0, 1) (2, 29) 
(3, 29) (0, 1) (2, 30) 
(3, 29) (0, 1) (1, 24) 
(3, 29) (0, 1) (1, 25) 
(3, 29) (0, 1) (1, 26) 
(3, 29) (0, 1) (1, 27) 
(3, 29) (0, 1) (1, 28) 
(3, 29) (0, 1) (1, 29) 
(3, 29) (0, 1) (1, 30) 
(3, 29) (0, 1) (0, 24) 
(3, 29) (0, 1) (0, 25) 
(3, 29) (0, 1) (0, 26) 
(3, 29) (0, 1) (0, 27) 
(3, 29) (0, 1) (0, 28) 
(3, 29) (0, 1) (0, 29) 
(3, 29) (0, 1) (0, 30) 
(3, 30) (0, 1) (8, 29) 
(3, 30) (0, 1) (8, 30) 
(3, 30) (0, 1) (7, 27) 
(3, 30) (0, 1) (7, 28) 
(3, 30) (0, 1) (7, 29) 
(3, 30) (0, 1) (7, 30) 
(3, 30) (0, 1) (6, 25) 
(3, 30) (0, 1) (6, 26) 
(3, 30) (0, 1) (6, 27) 
(3, 30) (0, 1) (6, 28) 
(3, 30) (0, 1) (6, 29) 
(3, 30) (0, 1) (6, 30) 
(3, 30) (0, 1) (5, 25) 
(3, 30) (0, 1) (5, 26) 
(3, 30) (0, 1) (5, 27) 
(3, 30) (0, 1) (5, 28) 
(3, 30) (0, 1) (5, 29) 
(3, 30) (0, 1) (5, 30) 
(3, 30) (0, 1) (4, 25) 
(3, 30) (0, 1) (4, 26) 
(3, 30) (0, 1) (4, 27) 
(3, 30) (0, 1) (4, 28) 
(3, 30) (0, 1) (4, 29) 
(3, 30) (0, 1) (4, 30) 
(3, 30) (0, 1) (3, 24) 
(3, 30) (0, 1) (3, 25) 
(3, 30) (0, 1) (3, 26) 
(3, 30) (0, 1) (3, 27) 
(3, 30) (0, 1) (3, 28) 
(3, 30) (0, 1) (3, 29) 
(3, 30) (0, 1) (3, 30) 
(3, 30) (0, 1) (2, 24) 
(3, 30) (0, 1) (2, 25) 
(3, 30) (0, 1) (2, 26) 
(3, 30) (0, 1) (2, 27) 
(3, 30) (0, 1) (2, 28) 
(3, 30) (0, 1) (2, 29) 
(3, 30) (0, 1) (2, 30) 
(3, 30) (0, 1) (1, 24) 
(3, 30) (0, 1) (1, 25) 
(3, 30) (0, 1) (1, 26) 
(3, 30) (0, 1) (1, 27) 
(3, 30) (0, 1) (1, 28) 
(3, 30) (0, 1) (1, 29) 
(3, 30) (0, 1) (1, 30) 
(3, 30) (0, 1) (0, 23) 
(3, 30) (0, 1) (0, 24) 
(3, 30) (0, 1) (0, 25) 
(3, 30) (0, 1) (0, 26) 
(3, 30) (0, 1) (0, 27) 
(3, 30) (0, 1) (0, 28) 
(3, 30) (0, 1) (0, 29) 
(3, 30) (0, 1) (0, 30) 
(3, 31) (0, 1) (8, 28) 
(3, 31) (0, 1) (8, 29) 
(3, 31) (0, 1) (8, 30) 
(3, 31) (0, 1) (7, 26) 
(3, 31) (0, 1) (7, 27) 
(3, 31) (0, 1) (7, 28) 
(3, 31) (0, 1) (7, 29) 
(3, 31) (0, 1) (7, 30) 
(3, 31) (0, 1) (6, 25) 
(3, 31) (0, 1) (6, 26) 
(3, 31) (0, 1) (6, 27) 
(3, 31) (0, 1) (6, 28) 
(3, 31) (0, 1) (6, 29) 
(3, 31) (0, 1) (6, 30) 
(3, 31) (0, 1) (5, 25) 
(3, 31) (0, 1) (5, 26) 
(3, 31) (0, 1) (5, 27) 
(3, 31) (0, 1) (5, 28) 
(3, 31) (0, 1) (5, 29) 
(3, 31) (0, 1) (5, 30) 
(3, 31) (0, 1) (4, 24) 
(3, 31) (0, 1) (4, 25) 
(3, 31) (0, 1) (4, 26) 
(3, 31) (0, 1) (4, 27) 
(3, 31) (0, 1) (4, 28) 
(3, 31) (0, 1) (4, 29) 
(3, 31) (0, 1) (4, 30) 
(3, 31) (0, 1) (3, 24) 
(3, 31) (0, 1) (3, 25) 
(3, 31) (0, 1) (3, 26) 
(3, 31) (0, 1) (3, 27) 
(3, 31) (0, 1) (3, 28) 
(3, 31) (0, 1) (3, 29) 
(3, 31) (0, 1) (3, 30) 
(3, 31) (0, 1) (2, 24) 
(3, 31) (0, 1) (2, 25) 
(3, 31) (0, 1) (2, 26) 
(3, 31) (0, 1) (2, 27) 
(3, 31) (0, 1) (2, 28) 
(3, 31) (0, 1) (2, 29) 
(3, 31) (0, 1) (2, 30) 
(3, 31) (0, 1) (1, 24) 
(3, 31) (0, 1) (1, 25) 
(3, 31) (0, 1) (1, 26) 
(3, 31) (0, 1) (1, 27) 
(3, 31) (0, 1) (1, 28) 
(3, 31) (0, 1) (1, 29) 
(3, 31) (0, 1) (1, 30) 
(3, 31) (0, 1) (0, 23) 
(3, 31) (0, 1) (0, 24) 
(3, 31) (0, 1) (0, 25) 
(3, 31) (0, 1) (0, 26) 
(3, 31) (0, 1) (0, 27) 
(3, 31) (0, 1) (0, 28) 
(3, 31) (0, 1) (0, 29) 
(3, 31) (0, 1) (0, 30) 
(3, 32) (0, 1) (9, 30) 
(3, 32) (0, 1) (8, 28) 
(3, 32) (0, 1) (8, 29) 
(3, 32) (0, 1) (8, 30) 
(3, 32) (0, 1) (7, 26) 
(3, 32) (0, 1) (7, 27) 
(3, 32) (0, 1) (7, 28) 
(3, 32) (0, 1) (7, 29) 
(3, 32) (0, 1) (7, 30) 
(3, 32) (0, 1) (6, 25) 
(3, 32) (0, 1) (6, 26) 
(3, 32) (0, 1) (6, 27) 
(3, 32) (0, 1) (6, 28) 
(3, 32) (0, 1) (6, 29) 
(3, 32) (0, 1) (6, 30) 
(3, 32) (0, 1) (5, 24) 
(3, 32) (0, 1) (5, 25) 
(3, 32) (0, 1) (5, 26) 
(3, 32) (0, 1) (5, 27) 
(3, 32) (0, 1) (5, 28) 
(3, 32) (0, 1) (5, 29) 
(3, 32) (0, 1) (5, 30) 
(3, 32) (0, 1) (4, 24) 
(3, 32) (0, 1) (4, 25) 
(3, 32) (0, 1) (4, 26) 
(3, 32) (0, 1) (4, 27) 
(3, 32) (0, 1) (4, 28) 
(3, 32) (0, 1) (4, 29) 
(3, 32) (0, 1) (4, 30) 
(3, 32) (0, 1) (3, 24) 
(3, 32) (0, 1) (3, 25) 
(3, 32) (0, 1) (3, 26) 
(3, 32) (0, 1) (3, 27) 
(3, 32) (0, 1) (3, 28) 
(3, 32) (0, 1) (3, 29) 
(3, 32) (0, 1) (3, 30) 
(3, 32) (0, 1) (2, 24) 
(3, 32) (0, 1) (2, 25) 
(3, 32) (0, 1) (2, 26) 
(3, 32) (0, 1) (2, 27) 
(3, 32) (0, 1) (2, 28) 
(3, 32) (0, 1) (2, 29) 
(3, 32) (0, 1) (2, 30) 
(3, 32) (0, 1) (1, 23) 
(3, 32) (0, 1) (1, 24) 
(3, 32) (0, 1) (1, 25) 
(3, 32) (0, 1) (1, 26) 
(3, 32) (0, 1) (1, 27) 
(3, 32) (0, 1) (1, 28) 
(3, 32) (0, 1) (1, 29) 
(3, 32) (0, 1) (1, 30) 
(3, 32) (0, 1) (0, 23) 
(3, 32) (0, 1) (0, 24) 
(3, 32) (0, 1) (0, 25) 
(3, 32) (0, 1) (0, 26) 
(3, 32) (0, 1) (0, 27) 
(3, 32) (0, 1) (0, 28) 
(3, 32) (0, 1) (0, 29) 
(3, 32) (0, 1) (0, 30) 
(3, 33) (0, 1) (9, 30) 
(3, 33) (0, 1) (8, 27) 
(3, 33) (0, 1) (8, 28) 
(3, 33) (0, 1) (8, 29) 
(3, 33) (0, 1) (8, 30) 
(3, 33) (0, 1) (7, 26) 
(3, 33) (0, 1) (7, 27) 
(3, 33) (0, 1) (7, 28) 
(3, 33) (0, 1) (7, 29) 
(3, 33) (0, 1) (7, 30) 
(3, 33) (0, 1) (6, 24) 
(3, 33) (0, 1) (6, 25) 
(3, 33) (0, 1) (6, 26) 
(3, 33) (0, 1) (6, 27) 
(3, 33) (0, 1) (6, 28) 
(3, 33) (0, 1) (6, 29) 
(3, 33) (0, 1) (6, 30) 
(3, 33) (0, 1) (5, 24) 
(3, 33) (0, 1) (5, 25) 
(3, 33) (0, 1) (5, 26) 
(3, 33) (0, 1) (5, 27) 
(3, 33) (0, 1) (5, 28) 
(3, 33) (0, 1) (5, 29) 
(3, 33) (0, 1) (5, 30) 
(3, 33) (0, 1) (4, 24) 
(3, 33) (0, 1) (4, 25) 
(3, 33) (0, 1) (4, 26) 
(3, 33) (0, 1) (4, 27) 
(3, 33) (0, 1) (4, 28) 
(3, 33) (0, 1) (4, 29) 
(3, 33) (0, 1) (4, 30) 
(3, 33) (0, 1) (3, 24) 
(3, 33) (0, 1) (3, 25) 
(3, 33) (0, 1) (3, 26) 
(3, 33) (0, 1) (3, 27) 
(3, 33) (0, 1) (3, 28) 
(3, 33) (0, 1) (3, 29) 
(3, 33) (0, 1) (3, 30) 
(3, 33) (0, 1) (2, 23) 
(3, 33) (0, 1) (2, 24) 
(3, 33) (0, 1) (2, 25) 
(3, 33) (0, 1) (2, 26) 
(3, 33) (0, 1) (2, 27) 
(3, 33) (0, 1) (2, 28) 
(3, 33) (0, 1) (2, 29) 
(3, 33) (0, 1) (2, 30) 
(3, 33) (0, 1) (1, 23) 
(3, 33) (0, 1) (1, 24) 
(3, 33) (0, 1) (1, 25) 
(3, 33) (0, 1) (1, 26) 
(3, 33) (0, 1) (1, 27) 
(3, 33) (0, 1) (1, 28) 
(3, 33) (0, 1) (1, 29) 
(3, 33) (0, 1) (1, 30) 
(3, 33) (0, 1) (0, 23) 
(3, 33) (0, 1) (0, 24) 
(3, 33) (0, 1) (0, 25) 
(3, 33) (0, 1) (0, 26) 
(3, 33) (0, 1) (0, 27) 
(3, 33) (0, 1) (0, 28) 
(3, 33) (0, 1) (0, 29) 
(3, 33) (0, 1) (0, 30) 
(2, 23) (0, 1) (2, 30) 
(2, 23) (0, 1) (1, 30) 
(2, 23) (0, 1) (0, 28) 
(2, 23) (0, 1) (0, 29) 
(2, 23) (0, 1) (0, 30) 
(2, 24) (0, 1) (3, 30) 
(2, 24) (0, 1) (2, 29) 
(2, 24) (0, 1) (2, 30) 
(2, 24) (0, 1) (1, 28) 
(2, 24) (0, 1) (1, 29) 
(2, 24) (0, 1) (1, 30) 
(2, 24) (0, 1) (0, 27) 
(2, 24) (0, 1) (0, 28) 
(2, 24) (0, 1) (0, 29) 
(2, 24) (0, 1) (0, 30) 
(2, 25) (0, 1) (6, 29) 
(2, 25) (0, 1) (6, 30) 
(2, 25) (0, 1) (4, 28) 
(2, 25) (0, 1) (4, 29) 
(2, 25) (0, 1) (4, 30) 
(2, 25) (0, 1) (3, 26) 
(2, 25) (0, 1) (3, 27) 
(2, 25) (0, 1) (3, 28) 
(2, 25) (0, 1) (3, 29) 
(2, 25) (0, 1) (3, 30) 
(2, 25) (0, 1) (2, 26) 
(2, 25) (0, 1) (2, 27) 
(2, 25) (0, 1) (2, 28) 
(2, 25) (0, 1) (2, 29) 
(2, 25) (0, 1) (2, 30) 
(2, 25) (0, 1) (1, 26) 
(2, 25) (0, 1) (1, 27) 
(2, 25) (0, 1) (1, 28) 
(2, 25) (0, 1) (1, 29) 
(2, 25) (0, 1) (1, 30) 
(2, 25) (0, 1) (0, 25) 
(2, 25) (0, 1) (0, 26) 
(2, 25) (0, 1) (0, 27) 
(2, 25) (0, 1) (0, 28) 
(2, 25) (0, 1) (0, 29) 
(2, 25) (0, 1) (0, 30) 
(2, 26) (0, 1) (6, 27) 
(2, 26) (0, 1) (6, 28) 
(2, 26) (0, 1) (6, 29) 
(2, 26) (0, 1) (6, 30) 
(2, 26) (0, 1) (4, 26) 
(2, 26) (0, 1) (4, 27) 
(2, 26) (0, 1) (4, 28) 
(2, 26) (0, 1) (4, 29) 
(2, 26) (0, 1) (4, 30) 
(2, 26) (0, 1) (3, 26) 
(2, 26) (0, 1) (3, 27) 
(2, 26) (0, 1) (3, 28) 
(2, 26) (0, 1) (3, 29) 
(2, 26) (0, 1) (3, 30) 
(2, 26) (0, 1) (2, 25) 
(2, 26) (0, 1) (2, 26) 
(2, 26) (0, 1) (2, 27) 
(2, 26) (0, 1) (2, 28) 
(2, 26) (0, 1) (2, 29) 
(2, 26) (0, 1) (2, 30) 
(2, 26) (0, 1) (1, 25) 
(2, 26) (0, 1) (1, 26) 
(2, 26) (0, 1) (1, 27) 
(2, 26) (0, 1) (1, 28) 
(2, 26) (0, 1) (1, 29) 
(2, 26) (0, 1) (1, 30) 
(2, 26) (0, 1) (0, 24) 
(2, 26) (0, 1) (0, 25) 
(2, 26) (0, 1) (0, 26) 
(2, 26) (0, 1) (0, 27) 
(2, 26) (0, 1) (0, 28) 
(2, 26) (0, 1) (0, 29) 
(2, 26) (0, 1) (0, 30) 
(2, 27) (0, 1) (7, 29) 
(2, 27) (0, 1) (7, 30) 
(2, 27) (0, 1) (6, 26) 
(2, 27) (0, 1) (6, 27) 
(2, 27) (0, 1) (6, 28) 
(2, 27) (0, 1) (6, 29) 
(2, 27) (0, 1) (6, 30) 
(2, 27) (0, 1) (4, 25) 
(2, 27) (0, 1) (4, 26) 
(2, 27) (0, 1) (4, 27) 
(2, 27) (0, 1) (4, 28) 
(2, 27) (0, 1) (4, 29) 
(2, 27) (0, 1) (4, 30) 
(2, 27) (0, 1) (3, 25) 
(2, 27) (0, 1) (3, 26) 
(2, 27) (0, 1) (3, 27) 
(2, 27) (0, 1) (3, 28) 
(2, 27) (0, 1) (3, 29) 
(2, 27) (0, 1) (3, 30) 
(2, 27) (0, 1) (2, 25) 
(2, 27) (0, 1) (2, 26) 
(2, 27) (0, 1) (2, 27) 
(2, 27) (0, 1) (2, 28) 
(2, 27) (0, 1) (2, 29) 
(2, 27) (0, 1) (2, 30) 
(2, 27) (0, 1) (1, 24) 
(2, 27) (0, 1) (1, 25) 
(2, 27) (0, 1) (1, 26) 
(2, 27) (0, 1) (1, 27) 
(2, 27) (0, 1) (1, 28) 
(2, 27) (0, 1) (1, 29) 
(2, 27) (0, 1) (1, 30) 
(2, 27) (0, 1) (0, 24) 
(2, 27) (0, 1) (0, 25) 
(2, 27) (0, 1) (0, 26) 
(2, 27) (0, 1) (0, 27) 
(2, 27) (0, 1) (0, 28) 
(2, 27) (0, 1) (0, 29) 
(2, 27) (0, 1) (0, 30) 
(2, 28) (0, 1) (8, 30) 
(2, 28) (0, 1) (7, 28) 
(2, 28) (0, 1) (7, 29) 
(2, 28) (0, 1) (7, 30) 
(2, 28) (0, 1) (6, 26) 
(2, 28) (0, 1) (6, 27) 
(2, 28) (0, 1) (6, 28) 
(2, 28) (0, 1) (6, 29) 
(2, 28) (0, 1) (6, 30) 
(2, 28) (0, 1) (5, 25) 
(2, 28) (0, 1) (5, 26) 
(2, 28) (0, 1) (5, 27) 
(2, 28) (0, 1) (5, 28) 
(2, 28) (0, 1) (5, 29) 
(2, 28) (0, 1) (5, 30) 
(2, 28) (0, 1) (4, 25) 
(2, 28) (0, 1) (4, 26) 
(2, 28) (0, 1) (4, 27) 
(2, 28) (0, 1) (4, 28) 
(2, 28) (0, 1) (4, 29) 
(2, 28) (0, 1) (4, 30) 
(2, 28) (0, 1) (3, 24) 
(2, 28) (0, 1) (3, 25) 
(2, 28) (0, 1) (3, 26) 
(2, 28) (0, 1) (3, 27) 
(2, 28) (0, 1) (3, 28) 
(2, 28) (0, 1) (3, 29) 
(2, 28) (0, 1) (3, 30) 
(2, 28) (0, 1) (2, 24) 
(2, 28) (0, 1) (2, 25) 
(2, 28) (0, 1) (2, 26) 
(2, 28) (0, 1) (2, 27) 
(2, 28) (0, 1) (2, 28) 
(2, 28) (0, 1) (2, 29) 
(2, 28) (0, 1) (2, 30) 
(2, 28) (0, 1) (1, 24) 
(2, 28) (0, 1) (1, 25) 
(2, 28) (0, 1) (1, 26) 
(2, 28) (0, 1) (1, 27) 
(2, 28) (0, 1) (1, 28) 
(2, 28) (0, 1) (1, 29) 
(2, 28) (0, 1) (1, 30) 
(2, 28) (0, 1) (0, 24) 
(2, 28) (0, 1) (0, 25) 
(2, 28) (0, 1) (0, 26) 
(2, 28) (0, 1) (0, 27) 
(2, 28) (0, 1) (0, 28) 
(2, 28) (0, 1) (0, 29) 
(2, 28) (0, 1) (0, 30) 
(2, 29) (0, 1) (8, 29) 
(2, 29) (0, 1) (8, 30) 
(2, 29) (0, 1) (7, 27) 
(2, 29) (0, 1) (7, 28) 
(2, 29) (0, 1) (7, 29) 
(2, 29) (0, 1) (7, 30) 
(2, 29) (0, 1) (6, 25) 
(2, 29) (0, 1) (6, 26) 
(2, 29) (0, 1) (6, 27) 
(2, 29) (0, 1) (6, 28) 
(2, 29) (0, 1) (6, 29) 
(2, 29) (0, 1) (6, 30) 
(2, 29) (0, 1) (5, 25) 
(2, 29) (0, 1) (5, 26) 
(2, 29) (0, 1) (5, 27) 
(2, 29) (0, 1) (5, 28) 
(2, 29) (0, 1) (5, 29) 
(2, 29) (0, 1) (5, 30) 
(2, 29) (0, 1) (4, 24) 
(2, 29) (0, 1) (4, 25) 
(2, 29) (0, 1) (4, 26) 
(2, 29) (0, 1) (4, 27) 
(2, 29) (0, 1) (4, 28) 
(2, 29) (0, 1) (4, 29) 
(2, 29) (0, 1) (4, 30) 
(2, 29) (0, 1) (3, 24) 
(2, 29) (0, 1) (3, 25) 
(2, 29) (0, 1) (3, 26) 
(2, 29) (0, 1) (3, 27) 
(2, 29) (0, 1) (3, 28) 
(2, 29) (0, 1) (3, 29) 
(2, 29) (0, 1) (3, 30) 
(2, 29) (0, 1) (2, 24) 
(2, 29) (0, 1) (2, 25) 
(2, 29) (0, 1) (2, 26) 
(2, 29) (0, 1) (2, 27) 
(2, 29) (0, 1) (2, 28) 
(2, 29) (0, 1) (2, 29) 
(2, 29) (0, 1) (2, 30) 
(2, 29) (0, 1) (1, 24) 
(2, 29) (0, 1) (1, 25) 
(2, 29) (0, 1) (1, 26) 
(2, 29) (0, 1) (1, 27) 
(2, 29) (0, 1) (1, 28) 
(2, 29) (0, 1) (1, 29) 
(2, 29) (0, 1) (1, 30) 
(2, 29) (0, 1) (0, 23) 
(2, 29) (0, 1) (0, 24) 
(2, 29) (0, 1) (0, 25) 
(2, 29) (0, 1) (0, 26) 
(2, 29) (0, 1) (0, 27) 
(2, 29) (0, 1) (0, 28) 
(2, 29) (0, 1) (0, 29) 
(2, 29) (0, 1) (0, 30) 
(2, 30) (0, 1) (8, 28) 
(2, 30) (0, 1) (8, 29) 
(2, 30) (0, 1) (8, 30) 
(2, 30) (0, 1) (7, 26) 
(2, 30) (0, 1) (7, 27) 
(2, 30) (0, 1) (7, 28) 
(2, 30) (0, 1) (7, 29) 
(2, 30) (0, 1) (7, 30) 
(2, 30) (0, 1) (6, 25) 
(2, 30) (0, 1) (6, 26) 
(2, 30) (0, 1) (6, 27) 
(2, 30) (0, 1) (6, 28) 
(2, 30) (0, 1) (6, 29) 
(2, 30) (0, 1) (6, 30) 
(2, 30) (0, 1) (5, 25) 
(2, 30) (0, 1) (5, 26) 
(2, 30) (0, 1) (5, 27) 
(2, 30) (0, 1) (5, 28) 
(2, 30) (0, 1) (5, 29) 
(2, 30) (0, 1) (5, 30) 
(2, 30) (0, 1) (4, 24) 
(2, 30) (0, 1) (4, 25) 
(2, 30) (0, 1) (4, 26) 
(2, 30) (0, 1) (4, 27) 
(2, 30) (0, 1) (4, 28) 
(2, 30) (0, 1) (4, 29) 
(2, 30) (0, 1) (4, 30) 
(2, 30) (0, 1) (3, 24) 
(2, 30) (0, 1) (3, 25) 
(2, 30) (0, 1) (3, 26) 
(2, 30) (0, 1) (3, 27) 
(2, 30) (0, 1) (3, 28) 
(2, 30) (0, 1) (3, 29) 
(2, 30) (0, 1) (3, 30) 
(2, 30) (0, 1) (2, 24) 
(2, 30) (0, 1) (2, 25) 
(2, 30) (0, 1) (2, 26) 
(2, 30) (0, 1) (2, 27) 
(2, 30) (0, 1) (2, 28) 
(2, 30) (0, 1) (2, 29) 
(2, 30) (0, 1) (2, 30) 
(2, 30) (0, 1) (1, 23) 
(2, 30) (0, 1) (1, 24) 
(2, 30) (0, 1) (1, 25) 
(2, 30) (0, 1) (1, 26) 
(2, 30) (0, 1) (1, 27) 
(2, 30) (0, 1) (1, 28) 
(2, 30) (0, 1) (1, 29) 
(2, 30) (0, 1) (1, 30) 
(2, 30) (0, 1) (0, 23) 
(2, 30) (0, 1) (0, 24) 
(2, 30) (0, 1) (0, 25) 
(2, 30) (0, 1) (0, 26) 
(2, 30) (0, 1) (0, 27) 
(2, 30) (0, 1) (0, 28) 
(2, 30) (0, 1) (0, 29) 
(2, 30) (0, 1) (0, 30) 
(2, 31) (0, 1) (9, 30) 
(2, 31) (0, 1) (8, 28) 
(2, 31) (0, 1) (8, 29) 
(2, 31) (0, 1) (8, 30) 
(2, 31) (0, 1) (7, 26) 
(2, 31) (0, 1) (7, 27) 
(2, 31) (0, 1) (7, 28) 
(2, 31) (0, 1) (7, 29) 
(2, 31) (0, 1) (7, 30) 
(2, 31) (0, 1) (6, 25) 
(2, 31) (0, 1) (6, 26) 
(2, 31) (0, 1) (6, 27) 
(2, 31) (0, 1) (6, 28) 
(2, 31) (0, 1) (6, 29) 
(2, 31) (0, 1) (6, 30) 
(2, 31) (0, 1) (5, 24) 
(2, 31) (0, 1) (5, 25) 
(2, 31) (0, 1) (5, 26) 
(2, 31) (0, 1) (5, 27) 
(2, 31) (0, 1) (5, 28) 
(2, 31) (0, 1) (5, 29) 
(2, 31) (0, 1) (5, 30) 
(2, 31) (0, 1) (4, 24) 
(2, 31) (0, 1) (4, 25) 
(2, 31) (0, 1) (4, 26) 
(2, 31) (0, 1) (4, 27) 
(2, 31) (0, 1) (4, 28) 
(2, 31) (0, 1) (4, 29) 
(2, 31) (0, 1) (4, 30) 
(2, 31) (0, 1) (3, 24) 
(2, 31) (0, 1) (3, 25) 
(2, 31) (0, 1) (3, 26) 
(2, 31) (0, 1) (3, 27) 
(2, 31) (0, 1) (3, 28) 
(2, 31) (0, 1) (3, 29) 
(2, 31) (0, 1) (3, 30) 
(2, 31) (0, 1) (2, 23) 
(2, 31) (0, 1) (2, 24) 
(2, 31) (0, 1) (2, 25) 
(2, 31) (0, 1) (2, 26) 
(2, 31) (0, 1) (2, 27) 
(2, 31) (0, 1) (2, 28) 
(2, 31) (0, 1) (2, 29) 
(2, 31) (0, 1) (2, 30) 
(2, 31) (0, 1) (1, 23) 
(2, 31) (0, 1) (1, 24) 
(2, 31) (0, 1) (1, 25) 
(2, 31) (0, 1) (1, 26) 
(2, 31) (0, 1) (1, 27) 
(2, 31) (0, 1) (1, 28) 
(2, 31) (0, 1) (1, 29) 
(2, 31) (0, 1) (1, 30) 
(2, 31) (0, 1) (0, 23) 
(2, 31) (0, 1) (0, 24) 
(2, 31) (0, 1) (0, 25) 
(2, 31) (0, 1) (0, 26) 
(2, 31) (0, 1) (0, 27) 
(2, 31) (0, 1) (0, 28) 
(2, 31) (0, 1) (0, 29) 
(2, 31) (0, 1) (0, 30) 
(2, 32) (0, 1) (9, 30) 
(2, 32) (0, 1) (8, 27) 
(2, 32) (0, 1) (8, 28) 
(2, 32) (0, 1) (8, 29) 
(2, 32) (0, 1) (8, 30) 
(2, 32) (0, 1) (7, 26) 
(2, 32) (0, 1) (7, 27) 
(2, 32) (0, 1) (7, 28) 
(2, 32) (0, 1) (7, 29) 
(2, 32) (0, 1) (7, 30) 
(2, 32) (0, 1) (6, 24) 
(2, 32) (0, 1) (6, 25) 
(2, 32) (0, 1) (6, 26) 
(2, 32) (0, 1) (6, 27) 
(2, 32) (0, 1) (6, 28) 
(2, 32) (0, 1) (6, 29) 
(2, 32) (0, 1) (6, 30) 
(2, 32) (0, 1) (5, 24) 
(2, 32) (0, 1) (5, 25) 
(2, 32) (0, 1) (5, 26) 
(2, 32) (0, 1) (5, 27) 
(2, 32) (0, 1) (5, 28) 
(2, 32) (0, 1) (5, 29) 
(2, 32) (0, 1) (5, 30) 
(2, 32) (0, 1) (4, 24) 
(2, 32) (0, 1) (4, 25) 
(2, 32) (0, 1) (4, 26) 
(2, 32) (0, 1) (4, 27) 
(2, 32) (0, 1) (4, 28) 
(2, 32) (0, 1) (4, 29) 
(2, 32) (0, 1) (4, 30) 
(2, 32) (0, 1) (3, 23) 
(2, 32) (0, 1) (3, 24) 
(2, 32) (0, 1) (3, 25) 
(2, 32) (0, 1) (3, 26) 
(2, 32) (0, 1) (3, 27) 
(2, 32) (0, 1) (3, 28) 
(2, 32) (0, 1) (3, 29) 
(2, 32) (0, 1) (3, 30) 
(2, 32) (0, 1) (2, 23) 
(2, 32) (0, 1) (2, 24) 
(2, 32) (0, 1) (2, 25) 
(2, 32) (0, 1) (2, 26) 
(2, 32) (0, 1) (2, 27) 
(2, 32) (0, 1) (2, 28) 
(2, 32) (0, 1) (2, 29) 
(2, 32) (0, 1) (2, 30) 
(2, 32) (0, 1) (1, 23) 
(2, 32) (0, 1) (1, 24) 
(2, 32) (0, 1) (1, 25) 
(2, 32) (0, 1) (1, 26) 
(2, 32) (0, 1) (1, 27) 
(2, 32) (0, 1) (1, 28) 
(2, 32) (0, 1) (1, 29) 
(2, 32) (0, 1) (1, 30) 
(2, 32) (0, 1) (0, 23) 
(2, 32) (0, 1) (0, 24) 
(2, 32) (0, 1) (0, 25) 
(2, 32) (0, 1) (0, 26) 
(2, 32) (0, 1) (0, 27) 
(2, 32) (0, 1) (0, 28) 
(2, 32) (0, 1) (0, 29) 
(2, 32) (0, 1) (0, 30) 
(2, 33) (0, 1) (10, 30) 
(2, 33) (0, 1) (9, 29) 
(2, 33) (0, 1) (9, 30) 
(2, 33) (0, 1) (8, 26) 
(2, 33) (0, 1) (8, 27) 
(2, 33) (0, 1) (8, 28) 
(2, 33) (0, 1) (8, 29) 
(2, 33) (0, 1) (8, 30) 
(2, 33) (0, 1) (7, 26) 
(2, 33) (0, 1) (7, 27) 
(2, 33) (0, 1) (7, 28) 
(2, 33) (0, 1) (7, 29) 
(2, 33) (0, 1) (7, 30) 
(2, 33) (0, 1) (6, 24) 
(2, 33) (0, 1) (6, 25) 
(2, 33) (0, 1) (6, 26) 
(2, 33) (0, 1) (6, 27) 
(2, 33) (0, 1) (6, 28) 
(2, 33) (0, 1) (6, 29) 
(2, 33) (0, 1) (6, 30) 
(2, 33) (0, 1) (5, 24) 
(2, 33) (0, 1) (5, 25) 
(2, 33) (0, 1) (5, 26) 
(2, 33) (0, 1) (5, 27) 
(2, 33) (0, 1) (5, 28) 
(2, 33) (0, 1) (5, 29) 
(2, 33) (0, 1) (5, 30) 
(2, 33) (0, 1) (4, 24) 
(2, 33) (0, 1) (4, 25) 
(2, 33) (0, 1) (4, 26) 
(2, 33) (0, 1) (4, 27) 
(2, 33) (0, 1) (4, 28) 
(2, 33) (0, 1) (4, 29) 
(2, 33) (0, 1) (4, 30) 
(2, 33) (0, 1) (3, 23) 
(2, 33) (0, 1) (3, 24) 
(2, 33) (0, 1) (3, 25) 
(2, 33) (0, 1) (3, 26) 
(2, 33) (0, 1) (3, 27) 
(2, 33) (0, 1) (3, 28) 
(2, 33) (0, 1) (3, 29) 
(2, 33) (0, 1) (3, 30) 
(2, 33) (0, 1) (2, 23) 
(2, 33) (0, 1) (2, 24) 
(2, 33) (0, 1) (2, 25) 
(2, 33) (0, 1) (2, 26) 
(2, 33) (0, 1) (2, 27) 
(2, 33) (0, 1) (2, 28) 
(2, 33) (0, 1) (2, 29) 
(2, 33) (0, 1) (2, 30) 
(2, 33) (0, 1) (1, 23) 
(2, 33) (0, 1) (1, 24) 
(2, 33) (0, 1) (1, 25) 
(2, 33) (0, 1) (1, 26) 
(2, 33) (0, 1) (1, 27) 
(2, 33) (0, 1) (1, 28) 
(2, 33) (0, 1) (1, 29) 
(2, 33) (0, 1) (1, 30) 
(2, 33) (0, 1) (0, 22) 
(2, 33) (0, 1) (0, 23) 
(2, 33) (0, 1) (0, 24) 
(2, 33) (0, 1) (0, 25) 
(2, 33) (0, 1) (0, 26) 
(2, 33) (0, 1) (0, 27) 
(2, 33) (0, 1) (0, 28) 
(2, 33) (0, 1) (0, 29) 
(2, 33) (0, 1) (0, 30) 
(1, 23) (0, 1) (3, 30) 
(1, 23) (0, 1) (2, 30) 
(1, 23) (0, 1) (1, 29) 
(1, 23) (0, 1) (1, 30) 
(1, 23) (0, 1) (0, 28) 
(1, 23) (0, 1) (0, 29) 
(1, 23) (0, 1) (0, 30) 
(1, 24) (0, 1) (4, 30) 
(1, 24) (0, 1) (3, 29) 
(1, 24) (0, 1) (3, 30) 
(1, 24) (0, 1) (2, 28) 
(1, 24) (0, 1) (2, 29) 
(1, 24) (0, 1) (2, 30) 
(1, 24) (0, 1) (1, 28) 
(1, 24) (0, 1) (1, 29) 
(1, 24) (0, 1) (1, 30) 
(1, 24) (0, 1) (0, 26) 
(1, 24) (0, 1) (0, 27) 
(1, 24) (0, 1) (0, 28) 
(1, 24) (0, 1) (0, 29) 
(1, 24) (0, 1) (0, 30) 
(1, 25) (0, 1) (6, 28) 
(1, 25) (0, 1) (6, 29) 
(1, 25) (0, 1) (6, 30) 
(1, 25) (0, 1) (4, 27) 
(1, 25) (0, 1) (4, 28) 
(1, 25) (0, 1) (4, 29) 
(1, 25) (0, 1) (4, 30) 
(1, 25) (0, 1) (3, 26) 
(1, 25) (0, 1) (3, 27) 
(1, 25) (0, 1) (3, 28) 
(1, 25) (0, 1) (3, 29) 
(1, 25) (0, 1) (3, 30) 
(1, 25) (0, 1) (2, 26) 
(1, 25) (0, 1) (2, 27) 
(1, 25) (0, 1) (2, 28) 
(1, 25) (0, 1) (2, 29) 
(1, 25) (0, 1) (2, 30) 
(1, 25) (0, 1) (1, 26) 
(1, 25) (0, 1) (1, 27) 
(1, 25) (0, 1) (1, 28) 
(1, 25) (0, 1) (1, 29) 
(1, 25) (0, 1) (1, 30) 
(1, 25) (0, 1) (0, 25) 
(1, 25) (0, 1) (0, 26) 
(1, 25) (0, 1) (0, 27) 
(1, 25) (0, 1) (0, 28) 
(1, 25) (0, 1) (0, 29) 
(1, 25) (0, 1) (0, 30) 
(1, 26) (0, 1) (7, 30) 
(1, 26) (0, 1) (6, 26) 
(1, 26) (0, 1) (6, 27) 
(1, 26) (0, 1) (6, 28) 
(1, 26) (0, 1) (6, 29) 
(1, 26) (0, 1) (6, 30) 
(1, 26) (0, 1) (4, 26) 
(1, 26) (0, 1) (4, 27) 
(1, 26) (0, 1) (4, 28) 
(1, 26) (0, 1) (4, 29) 
(1, 26) (0, 1) (4, 30) 
(1, 26) (0, 1) (3, 25) 
(1, 26) (0, 1) (3, 26) 
(1, 26) (0, 1) (3, 27) 
(1, 26) (0, 1) (3, 28) 
(1, 26) (0, 1) (3, 29) 
(1, 26) (0, 1) (3, 30) 
(1, 26) (0, 1) (2, 25) 
(1, 26) (0, 1) (2, 26) 
(1, 26) (0, 1) (2, 27) 
(1, 26) (0, 1) (2, 28) 
(1, 26) (0, 1) (2, 29) 
(1, 26) (0, 1) (2, 30) 
(1, 26) (0, 1) (1, 25) 
(1, 26) (0, 1) (1, 26) 
(1, 26) (0, 1) (1, 27) 
(1, 26) (0, 1) (1, 28) 
(1, 26) (0, 1) (1, 29) 
(1, 26) (0, 1) (1, 30) 
(1, 26) (0, 1) (0, 24) 
(1, 26) (0, 1) (0, 25) 
(1, 26) (0, 1) (0, 26) 
(1, 26) (0, 1) (0, 27) 
(1, 26) (0, 1) (0, 28) 
(1, 26) (0, 1) (0, 29) 
(1, 26) (0, 1) (0, 30) 
(1, 27) (0, 1) (8, 30) 
(1, 27) (0, 1) (7, 28) 
(1, 27) (0, 1) (7, 29) 
(1, 27) (0, 1) (7, 30) 
(1, 27) (0, 1) (6, 26) 
(1, 27) (0, 1) (6, 27) 
(1, 27) (0, 1) (6, 28) 
(1, 27) (0, 1) (6, 29) 
(1, 27) (0, 1) (6, 30) 
(1, 27) (0, 1) (4, 25) 
(1, 27) (0, 1) (4, 26) 
(1, 27) (0, 1) (4, 27) 
(1, 27) (0, 1) (4, 28) 
(1, 27) (0, 1) (4, 29) 
(1, 27) (0, 1) (4, 30) 
(1, 27) (0, 1) (3, 25) 
(1, 27) (0, 1) (3, 26) 
(1, 27) (0, 1) (3, 27) 
(1, 27) (0, 1) (3, 28) 
(1, 27) (0, 1) (3, 29) 
(1, 27) (0, 1) (3, 30) 
(1, 27) (0, 1) (2, 24) 
(1, 27) (0, 1) (2, 25) 
(1, 27) (0, 1) (2, 26) 
(1, 27) (0, 1) (2, 27) 
(1, 27) (0, 1) (2, 28) 
(1, 27) (0, 1) (2, 29) 
(1, 27) (0, 1) (2, 30) 
(1, 27) (0, 1) (1, 24) 
(1, 27) (0, 1) (1, 25) 
(1, 27) (0, 1) (1, 26) 
(1, 27) (0, 1) (1, 27) 
(1, 27) (0, 1) (1, 28) 
(1, 27) (0, 1) (1, 29) 
(1, 27) (0, 1) (1, 30) 
(1, 27) (0, 1) (0, 24) 
(1, 27) (0, 1) (0, 25) 
(1, 27) (0, 1) (0, 26) 
(1, 27) (0, 1) (0, 27) 
(1, 27) (0, 1) (0, 28) 
(1, 27) (0, 1) (0, 29) 
(1, 27) (0, 1) (0, 30) 
(1, 28) (0, 1) (8, 30) 
(1, 28) (0, 1) (7, 28) 
(1, 28) (0, 1) (7, 29) 
(1, 28) (0, 1) (7, 30) 
(1, 28) (0, 1) (6, 25) 
(1, 28) (0, 1) (6, 26) 
(1, 28) (0, 1) (6, 27) 
(1, 28) (0, 1) (6, 28) 
(1, 28) (0, 1) (6, 29) 
(1, 28) (0, 1) (6, 30) 
(1, 28) (0, 1) (5, 25) 
(1, 28) (0, 1) (5, 26) 
(1, 28) (0, 1) (5, 27) 
(1, 28) (0, 1) (5, 28) 
(1, 28) (0, 1) (5, 29) 
(1, 28) (0, 1) (5, 30) 
(1, 28) (0, 1) (4, 25) 
(1, 28) (0, 1) (4, 26) 
(1, 28) (0, 1) (4, 27) 
(1, 28) (0, 1) (4, 28) 
(1, 28) (0, 1) (4, 29) 
(1, 28) (0, 1) (4, 30) 
(1, 28) (0, 1) (3, 24) 
(1, 28) (0, 1) (3, 25) 
(1, 28) (0, 1) (3, 26) 
(1, 28) (0, 1) (3, 27) 
(1, 28) (0, 1) (3, 28) 
(1, 28) (0, 1) (3, 29) 
(1, 28) (0, 1) (3, 30) 
(1, 28) (0, 1) (2, 24) 
(1, 28) (0, 1) (2, 25) 
(1, 28) (0, 1) (2, 26) 
(1, 28) (0, 1) (2, 27) 
(1, 28) (0, 1) (2, 28) 
(1, 28) (0, 1) (2, 29) 
(1, 28) (0, 1) (2, 30) 
(1, 28) (0, 1) (1, 24) 
(1, 28) (0, 1) (1, 25) 
(1, 28) (0, 1) (1, 26) 
(1, 28) (0, 1) (1, 27) 
(1, 28) (0, 1) (1, 28) 
(1, 28) (0, 1) (1, 29) 
(1, 28) (0, 1) (1, 30) 
(1, 28) (0, 1) (0, 23) 
(1, 28) (0, 1) (0, 24) 
(1, 28) (0, 1) (0, 25) 
(1, 28) (0, 1) (0, 26) 
(1, 28) (0, 1) (0, 27) 
(1, 28) (0, 1) (0, 28) 
(1, 28) (0, 1) (0, 29) 
(1, 28) (0, 1) (0, 30) 
(1, 29) (0, 1) (8, 28) 
(1, 29) (0, 1) (8, 29) 
(1, 29) (0, 1) (8, 30) 
(1, 29) (0, 1) (7, 26) 
(1, 29) (0, 1) (7, 27) 
(1, 29) (0, 1) (7, 28) 
(1, 29) (0, 1) (7, 29) 
(1, 29) (0, 1) (7, 30) 
(1, 29) (0, 1) (6, 25) 
(1, 29) (0, 1) (6, 26) 
(1, 29) (0, 1) (6, 27) 
(1, 29) (0, 1) (6, 28) 
(1, 29) (0, 1) (6, 29) 
(1, 29) (0, 1) (6, 30) 
(1, 29) (0, 1) (5, 25) 
(1, 29) (0, 1) (5, 26) 
(1, 29) (0, 1) (5, 27) 
(1, 29) (0, 1) (5, 28) 
(1, 29) (0, 1) (5, 29) 
(1, 29) (0, 1) (5, 30) 
(1, 29) (0, 1) (4, 24) 
(1, 29) (0, 1) (4, 25) 
(1, 29) (0, 1) (4, 26) 
(1, 29) (0, 1) (4, 27) 
(1, 29) (0, 1) (4, 28) 
(1, 29) (0, 1) (4, 29) 
(1, 29) (0, 1) (4, 30) 
(1, 29) (0, 1) (3, 24) 
(1, 29) (0, 1) (3, 25) 
(1, 29) (0, 1) (3, 26) 
(1, 29) (0, 1) (3, 27) 
(1, 29) (0, 1) (3, 28) 
(1, 29) (0, 1) (3, 29) 
(1, 29) (0, 1) (3, 30) 
(1, 29) (0, 1) (2, 24) 
(1, 29) (0, 1) (2, 25) 
(1, 29) (0, 1) (2, 26) 
(1, 29) (0, 1) (2, 27) 
(1, 29) (0, 1) (2, 28) 
(1, 29) (0, 1) (2, 29) 
(1, 29) (0, 1) (2, 30) 
(1, 29) (0, 1) (1, 23) 
(1, 29) (0, 1) (1, 24) 
(1, 29) (0, 1) (1, 25) 
(1, 29) (0, 1) (1, 26) 
(1, 29) (0, 1) (1, 27) 
(1, 29) (0, 1) (1, 28) 
(1, 29) (0, 1) (1, 29) 
(1, 29) (0, 1) (1, 30) 
(1, 29) (0, 1) (0, 23) 
(1, 29) (0, 1) (0, 24) 
(1, 29) (0, 1) (0, 25) 
(1, 29) (0, 1) (0, 26) 
(1, 29) (0, 1) (0, 27) 
(1, 29) (0, 1) (0, 28) 
(1, 29) (0, 1) (0, 29) 
(1, 29) (0, 1) (0, 30) 
(1, 30) (0, 1) (9, 30) 
(1, 30) (0, 1) (8, 28) 
(1, 30) (0, 1) (8, 29) 
(1, 30) (0, 1) (8, 30) 
(1, 30) (0, 1) (7, 26) 
(1, 30) (0, 1) (7, 27) 
(1, 30) (0, 1) (7, 28) 
(1, 30) (0, 1) (7, 29) 
(1, 30) (0, 1) (7, 30) 
(1, 30) (0, 1) (6, 25) 
(1, 30) (0, 1) (6, 26) 
(1, 30) (0, 1) (6, 27) 
(1, 30) (0, 1) (6, 28) 
(1, 30) (0, 1) (6, 29) 
(1, 30) (0, 1) (6, 30) 
(1, 30) (0, 1) (5, 24) 
(1, 30) (0, 1) (5, 25) 
(1, 30) (0, 1) (5, 26) 
(1, 30) (0, 1) (5, 27) 
(1, 30) (0, 1) (5, 28) 
(1, 30) (0, 1) (5, 29) 
(1, 30) (0, 1) (5, 30) 
(1, 30) (0, 1) (4, 24) 
(1, 30) (0, 1) (4, 25) 
(1, 30) (0, 1) (4, 26) 
(1, 30) (0, 1) (4, 27) 
(1, 30) (0, 1) (4, 28) 
(1, 30) (0, 1) (4, 29) 
(1, 30) (0, 1) (4, 30) 
(1, 30) (0, 1) (3, 24) 
(1, 30) (0, 1) (3, 25) 
(1, 30) (0, 1) (3, 26) 
(1, 30) (0, 1) (3, 27) 
(1, 30) (0, 1) (3, 28) 
(1, 30) (0, 1) (3, 29) 
(1, 30) (0, 1) (3, 30) 
(1, 30) (0, 1) (2, 23) 
(1, 30) (0, 1) (2, 24) 
(1, 30) (0, 1) (2, 25) 
(1, 30) (0, 1) (2, 26) 
(1, 30) (0, 1) (2, 27) 
(1, 30) (0, 1) (2, 28) 
(1, 30) (0, 1) (2, 29) 
(1, 30) (0, 1) (2, 30) 
(1, 30) (0, 1) (1, 23) 
(1, 30) (0, 1) (1, 24) 
(1, 30) (0, 1) (1, 25) 
(1, 30) (0, 1) (1, 26) 
(1, 30) (0, 1) (1, 27) 
(1, 30) (0, 1) (1, 28) 
(1, 30) (0, 1) (1, 29) 
(1, 30) (0, 1) (1, 30) 
(1, 30) (0, 1) (0, 23) 
(1, 30) (0, 1) (0, 24) 
(1, 30) (0, 1) (0, 25) 
(1, 30) (0, 1) (0, 26) 
(1, 30) (0, 1) (0, 27) 
(1, 30) (0, 1) (0, 28) 
(1, 30) (0, 1) (0, 29) 
(1, 30) (0, 1) (0, 30) 
(1, 31) (0, 1) (9, 30) 
(1, 31) (0, 1) (8, 27) 
(1, 31) (0, 1) (8, 28) 
(1, 31) (0, 1) (8, 29) 
(1, 31) (0, 1) (8, 30) 
(1, 31) (0, 1) (7, 26) 
(1, 31) (0, 1) (7, 27) 
(1, 31) (0, 1) (7, 28) 
(1, 31) (0, 1) (7, 29) 
(1, 31) (0, 1) (7, 30) 
(1, 31) (0, 1) (6, 24) 
(1, 31) (0, 1) (6, 25) 
(1, 31) (0, 1) (6, 26) 
(1, 31) (0, 1) (6, 27) 
(1, 31) (0, 1) (6, 28) 
(1, 31) (0, 1) (6, 29) 
(1, 31) (0, 1) (6, 30) 
(1, 31) (0, 1) (5, 24) 
(1, 31) (0, 1) (5, 25) 
(1, 31) (0, 1) (5, 26) 
(1, 31) (0, 1) (5, 27) 
(1, 31) (0, 1) (5, 28) 
(1, 31) (0, 1) (5, 29) 
(1, 31) (0, 1) (5, 30) 
(1, 31) (0, 1) (4, 24) 
(1, 31) (0, 1) (4, 25) 
(1, 31) (0, 1) (4, 26) 
(1, 31) (0, 1) (4, 27) 
(1, 31) (0, 1) (4, 28) 
(1, 31) (0, 1) (4, 29) 
(1, 31) (0, 1) (4, 30) 
(1, 31) (0, 1) (3, 23) 
(1, 31) (0, 1) (3, 24) 
(1, 31) (0, 1) (3, 25) 
(1, 31) (0, 1) (3, 26) 
(1, 31) (0, 1) (3, 27) 
(1, 31) (0, 1) (3, 28) 
(1, 31) (0, 1) (3, 29) 
(1, 31) (0, 1) (3, 30) 
(1, 31) (0, 1) (2, 23) 
(1, 31) (0, 1) (2, 24) 
(1, 31) (0, 1) (2, 25) 
(1, 31) (0, 1) (2, 26) 
(1, 31) (0, 1) (2, 27) 
(1, 31) (0, 1) (2, 28) 
(1, 31) (0, 1) (2, 29) 
(1, 31) (0, 1) (2, 30) 
(1, 31) (0, 1) (1, 23) 
(1, 31) (0, 1) (1, 24) 
(1, 31) (0, 1) (1, 25) 
(1, 31) (0, 1) (1, 26) 
(1, 31) (0, 1) (1, 27) 
(1, 31) (0, 1) (1, 28) 
(1, 31) (0, 1) (1, 29) 
(1, 31) (0, 1) (1, 30) 
(1, 31) (0, 1) (0, 23) 
(1, 31) (0, 1) (0, 24) 
(1, 31) (0, 1) (0, 25) 
(1, 31) (0, 1) (0, 26) 
(1, 31) (0, 1) (0, 27) 
(1, 31) (0, 1) (0, 28) 
(1, 31) (0, 1) (0, 29) 
(1, 31) (0, 1) (0, 30) 
(1, 32) (0, 1) (10, 30) 
(1, 32) (0, 1) (9, 29) 
(1, 32) (0, 1) (9, 30) 
(1, 32) (0, 1) (8, 26) 
(1, 32) (0, 1) (8, 27) 
(1, 32) (0, 1) (8, 28) 
(1, 32) (0, 1) (8, 29) 
(1, 32) (0, 1) (8, 30) 
(1, 32) (0, 1) (7, 26) 
(1, 32) (0, 1) (7, 27) 
(1, 32) (0, 1) (7, 28) 
(1, 32) (0, 1) (7, 29) 
(1, 32) (0, 1) (7, 30) 
(1, 32) (0, 1) (6, 24) 
(1, 32) (0, 1) (6, 25) 
(1, 32) (0, 1) (6, 26) 
(1, 32) (0, 1) (6, 27) 
(1, 32) (0, 1) (6, 28) 
(1, 32) (0, 1) (6, 29) 
(1, 32) (0, 1) (6, 30) 
(1, 32) (0, 1) (5, 24) 
(1, 32) (0, 1) (5, 25) 
(1, 32) (0, 1) (5, 26) 
(1, 32) (0, 1) (5, 27) 
(1, 32) (0, 1) (5, 28) 
(1, 32) (0, 1) (5, 29) 
(1, 32) (0, 1) (5, 30) 
(1, 32) (0, 1) (4, 24) 
(1, 32) (0, 1) (4, 25) 
(1, 32) (0, 1) (4, 26) 
(1, 32) (0, 1) (4, 27) 
(1, 32) (0, 1) (4, 28) 
(1, 32) (0, 1) (4, 29) 
(1, 32) (0, 1) (4, 30) 
(1, 32) (0, 1) (3, 23) 
(1, 32) (0, 1) (3, 24) 
(1, 32) (0, 1) (3, 25) 
(1, 32) (0, 1) (3, 26) 
(1, 32) (0, 1) (3, 27) 
(1, 32) (0, 1) (3, 28) 
(1, 32) (0, 1) (3, 29) 
(1, 32) (0, 1) (3, 30) 
(1, 32) (0, 1) (2, 23) 
(1, 32) (0, 1) (2, 24) 
(1, 32) (0, 1) (2, 25) 
(1, 32) (0, 1) (2, 26) 
(1, 32) (0, 1) (2, 27) 
(1, 32) (0, 1) (2, 28) 
(1, 32) (0, 1) (2, 29) 
(1, 32) (0, 1) (2, 30) 
(1, 32) (0, 1) (1, 23) 
(1, 32) (0, 1) (1, 24) 
(1, 32) (0, 1) (1, 25) 
(1, 32) (0, 1) (1, 26) 
(1, 32) (0, 1) (1, 27) 
(1, 32) (0, 1) (1, 28) 
(1, 32) (0, 1) (1, 29) 
(1, 32) (0, 1) (1, 30) 
(1, 32) (0, 1) (0, 22) 
(1, 32) (0, 1) (0, 23) 
(1, 32) (0, 1) (0, 24) 
(1, 32) (0, 1) (0, 25) 
(1, 32) (0, 1) (0, 26) 
(1, 32) (0, 1) (0, 27) 
(1, 32) (0, 1) (0, 28) 
(1, 32) (0, 1) (0, 29) 
(1, 32) (0, 1) (0, 30) 
(1, 33) (0, 1) (10, 30) 
(1, 33) (0, 1) (9, 28) 
(1, 33) (0, 1) (9, 29) 
(1, 33) (0, 1) (9, 30) 
(1, 33) (0, 1) (8, 26) 
(1, 33) (0, 1) (8, 27) 
(1, 33) (0, 1) (8, 28) 
(1, 33) (0, 1) (8, 29) 
(1, 33) (0, 1) (8, 30) 
(1, 33) (0, 1) (7, 25) 
(1, 33) (0, 1) (7, 26) 
(1, 33) (0, 1) (7, 27) 
(1, 33) (0, 1) (7, 28) 
(1, 33) (0, 1) (7, 29) 
(1, 33) (0, 1) (7, 30) 
(1, 33) (0, 1) (6, 24) 
(1, 33) (0, 1) (6, 25) 
(1, 33) (0, 1) (6, 26) 
(1, 33) (0, 1) (6, 27) 
(1, 33) (0, 1) (6, 28) 
(1, 33) (0, 1) (6, 29) 
(1, 33) (0, 1) (6, 30) 
(1, 33) (0, 1) (5, 24) 
(1, 33) (0, 1) (5, 25) 
(1, 33) (0, 1) (5, 26) 
(1, 33) (0, 1) (5, 27) 
(1, 33) (0, 1) (5, 28) 
(1, 33) (0, 1) (5, 29) 
(1, 33) (0, 1) (5, 30) 
(1, 33) (0, 1) (4, 23) 
(1, 33) (0, 1) (4, 24) 
(1, 33) (0, 1) (4, 25) 
(1, 33) (0, 1) (4, 26) 
(1, 33) (0, 1) (4, 27) 
(1, 33) (0, 1) (4, 28) 
(1, 33) (0, 1) (4, 29) 
(1, 33) (0, 1) (4, 30) 
(1, 33) (0, 1) (3, 23) 
(1, 33) (0, 1) (3, 24) 
(1, 33) (0, 1) (3, 25) 
(1, 33) (0, 1) (3, 26) 
(1, 33) (0, 1) (3, 27) 
(1, 33) (0, 1) (3, 28) 
(1, 33) (0, 1) (3, 29) 
(1, 33) (0, 1) (3, 30) 
(1, 33) (0, 1) (2, 23) 
(1, 33) (0, 1) (2, 24) 
(1, 33) (0, 1) (2, 25) 
(1, 33) (0, 1) (2, 26) 
(1, 33) (0, 1) (2, 27) 
(1, 33) (0, 1) (2, 28) 
(1, 33) (0, 1) (2, 29) 
(1, 33) (0, 1) (2, 30) 
(1, 33) (0, 1) (1, 23) 
(1, 33) (0, 1) (1, 24) 
(1, 33) (0, 1) (1, 25) 
(1, 33) (0, 1) (1, 26) 
(1, 33) (0, 1) (1, 27) 
(1, 33) (0, 1) (1, 28) 
(1, 33) (0, 1) (1, 29) 
(1, 33) (0, 1) (1, 30) 
(1, 33) (0, 1) (0, 22) 
(1, 33) (0, 1) (0, 23) 
(1, 33) (0, 1) (0, 24) 
(1, 33) (0, 1) (0, 25) 
(1, 33) (0, 1) (0, 26) 
(1, 33) (0, 1) (0, 27) 
(1, 33) (0, 1) (0, 28) 
(1, 33) (0, 1) (0, 29) 
(1, 33) (0, 1) (0, 30) 
(0, 23) (0, 1) (3, 30) 
(0, 23) (0, 1) (2, 29) 
(0, 23) (0, 1) (2, 30) 
(0, 23) (0, 1) (1, 28) 
(0, 23) (0, 1) (1, 29) 
(0, 23) (0, 1) (1, 30) 
(0, 23) (0, 1) (0, 27) 
(0, 23) (0, 1) (0, 28) 
(0, 23) (0, 1) (0, 29) 
(0, 23) (0, 1) (0, 30) 
(0, 24) (0, 1) (4, 30) 
(0, 24) (0, 1) (3, 28) 
(0, 24) (0, 1) (3, 29) 
(0, 24) (0, 1) (3, 30) 
(0, 24) (0, 1) (2, 28) 
(0, 24) (0, 1) (2, 29) 
(0, 24) (0, 1) (2, 30) 
(0, 24) (0, 1) (1, 27) 
(0, 24) (0, 1) (1, 28) 
(0, 24) (0, 1) (1, 29) 
(0, 24) (0, 1) (1, 30) 
(0, 24) (0, 1) (0, 26) 
(0, 24) (0, 1) (0, 27) 
(0, 24) (0, 1) (0, 28) 
(0, 24) (0, 1) (0, 29) 
(0, 24) (0, 1) (0, 30) 
(0, 25) (0, 1) (6, 28) 
(0, 25) (0, 1) (6, 29) 
(0, 25) (0, 1) (6, 30) 
(0, 25) (0, 1) (4, 26) 
(0, 25) (0, 1) (4, 27) 
(0, 25) (0, 1) (4, 28) 
(0, 25) (0, 1) (4, 29) 
(0, 25) (0, 1) (4, 30) 
(0, 25) (0, 1) (3, 26) 
(0, 25) (0, 1) (3, 27) 
(0, 25) (0, 1) (3, 28) 
(0, 25) (0, 1) (3, 29) 
(0, 25) (0, 1) (3, 30) 
(0, 25) (0, 1) (2, 26) 
(0, 25) (0, 1) (2, 27) 
(0, 25) (0, 1) (2, 28) 
(0, 25) (0, 1) (2, 29) 
(0, 25) (0, 1) (2, 30) 
(0, 25) (0, 1) (1, 25) 
(0, 25) (0, 1) (1, 26) 
(0, 25) (0, 1) (1, 27) 
(0, 25) (0, 1) (1, 28) 
(0, 25) (0, 1) (1, 29) 
(0, 25) (0, 1) (1, 30) 
(0, 25) (0, 1) (0, 25) 
(0, 25) (0, 1) (0, 26) 
(0, 25) (0, 1) (0, 27) 
(0, 25) (0, 1) (0, 28) 
(0, 25) (0, 1) (0, 29) 
(0, 25) (0, 1) (0, 30) 
(0, 26) (0, 1) (7, 30) 
(0, 26) (0, 1) (6, 26) 
(0, 26) (0, 1) (6, 27) 
(0, 26) (0, 1) (6, 28) 
(0, 26) (0, 1) (6, 29) 
(0, 26) (0, 1) (6, 30) 
(0, 26) (0, 1) (4, 26) 
(0, 26) (0, 1) (4, 27) 
(0, 26) (0, 1) (4, 28) 
(0, 26) (0, 1) (4, 29) 
(0, 26) (0, 1) (4, 30) 
(0, 26) (0, 1) (3, 25) 
(0, 26) (0, 1) (3, 26) 
(0, 26) (0, 1) (3, 27) 
(0, 26) (0, 1) (3, 28) 
(0, 26) (0, 1) (3, 29) 
(0, 26) (0, 1) (3, 30) 
(0, 26) (0, 1) (2, 25) 
(0, 26) (0, 1) (2, 26) 
(0, 26) (0, 1) (2, 27) 
(0, 26) (0, 1) (2, 28) 
(0, 26) (0, 1) (2, 29) 
(0, 26) (0, 1) (2, 30) 
(0, 26) (0, 1) (1, 24) 
(0, 26) (0, 1) (1, 25) 
(0, 26) (0, 1) (1, 26) 
(0, 26) (0, 1) (1, 27) 
(0, 26) (0, 1) (1, 28) 
(0, 26) (0, 1) (1, 29) 
(0, 26) (0, 1) (1, 30) 
(0, 26) (0, 1) (0, 24) 
(0, 26) (0, 1) (0, 25) 
(0, 26) (0, 1) (0, 26) 
(0, 26) (0, 1) (0, 27) 
(0, 26) (0, 1) (0, 28) 
(0, 26) (0, 1) (0, 29) 
(0, 26) (0, 1) (0, 30) 
(0, 27) (0, 1) (8, 30) 
(0, 27) (0, 1) (7, 28) 
(0, 27) (0, 1) (7, 29) 
(0, 27) (0, 1) (7, 30) 
(0, 27) (0, 1) (6, 25) 
(0, 27) (0, 1) (6, 26) 
(0, 27) (0, 1) (6, 27) 
(0, 27) (0, 1) (6, 28) 
(0, 27) (0, 1) (6, 29) 
(0, 27) (0, 1) (6, 30) 
(0, 27) (0, 1) (4, 25) 
(0, 27) (0, 1) (4, 26) 
(0, 27) (0, 1) (4, 27) 
(0, 27) (0, 1) (4, 28) 
(0, 27) (0, 1) (4, 29) 
(0, 27) (0, 1) (4, 30) 
(0, 27) (0, 1) (3, 24) 
(0, 27) (0, 1) (3, 25) 
(0, 27) (0, 1) (3, 26) 
(0, 27) (0, 1) (3, 27) 
(0, 27) (0, 1) (3, 28) 
(0, 27) (0, 1) (3, 29) 
(0, 27) (0, 1) (3, 30) 
(0, 27) (0, 1) (2, 24) 
(0, 27) (0, 1) (2, 25) 
(0, 27) (0, 1) (2, 26) 
(0, 27) (0, 1) (2, 27) 
(0, 27) (0, 1) (2, 28) 
(0, 27) (0, 1) (2, 29) 
(0, 27) (0, 1) (2, 30) 
(0, 27) (0, 1) (1, 24) 
(0, 27) (0, 1) (1, 25) 
(0, 27) (0, 1) (1, 26) 
(0, 27) (0, 1) (1, 27) 
(0, 27) (0, 1) (1, 28) 
(0, 27) (0, 1) (1, 29) 
(0, 27) (0, 1) (1, 30) 
(0, 27) (0, 1) (0, 24) 
(0, 27) (0, 1) (0, 25) 
(0, 27) (0, 1) (0, 26) 
(0, 27) (0, 1) (0, 27) 
(0, 27) (0, 1) (0, 28) 
(0, 27) (0, 1) (0, 29) 
(0, 27) (0, 1) (0, 30) 
(0, 28) (0, 1) (8, 29) 
(0, 28) (0, 1) (8, 30) 
(0, 28) (0, 1) (7, 27) 
(0, 28) (0, 1) (7, 28) 
(0, 28) (0, 1) (7, 29) 
(0, 28) (0, 1) (7, 30) 
(0, 28) (0, 1) (6, 25) 
(0, 28) (0, 1) (6, 26) 
(0, 28) (0, 1) (6, 27) 
(0, 28) (0, 1) (6, 28) 
(0, 28) (0, 1) (6, 29) 
(0, 28) (0, 1) (6, 30) 
(0, 28) (0, 1) (5, 25) 
(0, 28) (0, 1) (5, 26) 
(0, 28) (0, 1) (5, 27) 
(0, 28) (0, 1) (5, 28) 
(0, 28) (0, 1) (5, 29) 
(0, 28) (0, 1) (5, 30) 
(0, 28) (0, 1) (4, 24) 
(0, 28) (0, 1) (4, 25) 
(0, 28) (0, 1) (4, 26) 
(0, 28) (0, 1) (4, 27) 
(0, 28) (0, 1) (4, 28) 
(0, 28) (0, 1) (4, 29) 
(0, 28) (0, 1) (4, 30) 
(0, 28) (0, 1) (3, 24) 
(0, 28) (0, 1) (3, 25) 
(0, 28) (0, 1) (3, 26) 
(0, 28) (0, 1) (3, 27) 
(0, 28) (0, 1) (3, 28) 
(0, 28) (0, 1) (3, 29) 
(0, 28) (0, 1) (3, 30) 
(0, 28) (0, 1) (2, 24) 
(0, 28) (0, 1) (2, 25) 
(0, 28) (0, 1) (2, 26) 
(0, 28) (0, 1) (2, 27) 
(0, 28) (0, 1) (2, 28) 
(0, 28) (0, 1) (2, 29) 
(0, 28) (0, 1) (2, 30) 
(0, 28) (0, 1) (1, 24) 
(0, 28) (0, 1) (1, 25) 
(0, 28) (0, 1) (1, 26) 
(0, 28) (0, 1) (1, 27) 
(0, 28) (0, 1) (1, 28) 
(0, 28) (0, 1) (1, 29) 
(0, 28) (0, 1) (1, 30) 
(0, 28) (0, 1) (0, 23) 
(0, 28) (0, 1) (0, 24) 
(0, 28) (0, 1) (0, 25) 
(0, 28) (0, 1) (0, 26) 
(0, 28) (0, 1) (0, 27) 
(0, 28) (0, 1) (0, 28) 
(0, 28) (0, 1) (0, 29) 
(0, 28) (0, 1) (0, 30) 
(0, 29) (0, 1) (9, 30) 
(0, 29) (0, 1) (8, 28) 
(0, 29) (0, 1) (8, 29) 
(0, 29) (0, 1) (8, 30) 
(0, 29) (0, 1) (7, 26) 
(0, 29) (0, 1) (7, 27) 
(0, 29) (0, 1) (7, 28) 
(0, 29) (0, 1) (7, 29) 
(0, 29) (0, 1) (7, 30) 
(0, 29) (0, 1) (6, 25) 
(0, 29) (0, 1) (6, 26) 
(0, 29) (0, 1) (6, 27) 
(0, 29) (0, 1) (6, 28) 
(0, 29) (0, 1) (6, 29) 
(0, 29) (0, 1) (6, 30) 
(0, 29) (0, 1) (5, 24) 
(0, 29) (0, 1) (5, 25) 
(0, 29) (0, 1) (5, 26) 
(0, 29) (0, 1) (5, 27) 
(0, 29) (0, 1) (5, 28) 
(0, 29) (0, 1) (5, 29) 
(0, 29) (0, 1) (5, 30) 
(0, 29) (0, 1) (4, 24) 
(0, 29) (0, 1) (4, 25) 
(0, 29) (0, 1) (4, 26) 
(0, 29) (0, 1) (4, 27) 
(0, 29) (0, 1) (4, 28) 
(0, 29) (0, 1) (4, 29) 
(0, 29) (0, 1) (4, 30) 
(0, 29) (0, 1) (3, 24) 
(0, 29) (0, 1) (3, 25) 
(0, 29) (0, 1) (3, 26) 
(0, 29) (0, 1) (3, 27) 
(0, 29) (0, 1) (3, 28) 
(0, 29) (0, 1) (3, 29) 
(0, 29) (0, 1) (3, 30) 
(0, 29) (0, 1) (2, 23) 
(0, 29) (0, 1) (2, 24) 
(0, 29) (0, 1) (2, 25) 
(0, 29) (0, 1) (2, 26) 
(0, 29) (0, 1) (2, 27) 
(0, 29) (0, 1) (2, 28) 
(0, 29) (0, 1) (2, 29) 
(0, 29) (0, 1) (2, 30) 
(0, 29) (0, 1) (1, 23) 
(0, 29) (0, 1) (1, 24) 
(0, 29) (0, 1) (1, 25) 
(0, 29) (0, 1) (1, 26) 
(0, 29) (0, 1) (1, 27) 
(0, 29) (0, 1) (1, 28) 
(0, 29) (0, 1) (1, 29) 
(0, 29) (0, 1) (1, 30) 
(0, 29) (0, 1) (0, 23) 
(0, 29) (0, 1) (0, 24) 
(0, 29) (0, 1) (0, 25) 
(0, 29) (0, 1) (0, 26) 
(0, 29) (0, 1) (0, 27) 
(0, 29) (0, 1) (0, 28) 
(0, 29) (0, 1) (0, 29) 
(0, 29) (0, 1) (0, 30) 
(0, 30) (0, 1) (9, 30) 
(0, 30) (0, 1) (8, 27) 
(0, 30) (0, 1) (8, 28) 
(0, 30) (0, 1) (8, 29) 
(0, 30) (0, 1) (8, 30) 
(0, 30) (0, 1) (7, 26) 
(0, 30) (0, 1) (7, 27) 
(0, 30) (0, 1) (7, 28) 
(0, 30) (0, 1) (7, 29) 
(0, 30) (0, 1) (7, 30) 
(0, 30) (0, 1) (6, 24) 
(0, 30) (0, 1) (6, 25) 
(0, 30) (0, 1) (6, 26) 
(0, 30) (0, 1) (6, 27) 
(0, 30) (0, 1) (6, 28) 
(0, 30) (0, 1) (6, 29) 
(0, 30) (0, 1) (6, 30) 
(0, 30) (0, 1) (5, 24) 
(0, 30) (0, 1) (5, 25) 
(0, 30) (0, 1) (5, 26) 
(0, 30) (0, 1) (5, 27) 
(0, 30) (0, 1) (5, 28) 
(0, 30) (0, 1) (5, 29) 
(0, 30) (0, 1) (5, 30) 
(0, 30) (0, 1) (4, 24) 
(0, 30) (0, 1) (4, 25) 
(0, 30) (0, 1) (4, 26) 
(0, 30) (0, 1) (4, 27) 
(0, 30) (0, 1) (4, 28) 
(0, 30) (0, 1) (4, 29) 
(0, 30) (0, 1) (4, 30) 
(0, 30) (0, 1) (3, 23) 
(0, 30) (0, 1) (3, 24) 
(0, 30) (0, 1) (3, 25) 
(0, 30) (0, 1) (3, 26) 
(0, 30) (0, 1) (3, 27) 
(0, 30) (0, 1) (3, 28) 
(0, 30) (0, 1) (3, 29) 
(0, 30) (0, 1) (3, 30) 
(0, 30) (0, 1) (2, 23) 
(0, 30) (0, 1) (2, 24) 
(0, 30) (0, 1) (2, 25) 
(0, 30) (0, 1) (2, 26) 
(0, 30) (0, 1) (2, 27) 
(0, 30) (0, 1) (2, 28) 
(0, 30) (0, 1) (2, 29) 
(0, 30) (0, 1) (2, 30) 
(0, 30) (0, 1) (1, 23) 
(0, 30) (0, 1) (1, 24) 
(0, 30) (0, 1) (1, 25) 
(0, 30) (0, 1) (1, 26) 
(0, 30) (0, 1) (1, 27) 
(0, 30) (0, 1) (1, 28) 
(0, 30) (0, 1) (1, 29) 
(0, 30) (0, 1) (1, 30) 
(0, 30) (0, 1) (0, 23) 
(0, 30) (0, 1) (0, 24) 
(0, 30) (0, 1) (0, 25) 
(0, 30) (0, 1) (0, 26) 
(0, 30) (0, 1) (0, 27) 
(0, 30) (0, 1) (0, 28) 
(0, 30) (0, 1) (0, 29) 
(0, 30) (0, 1) (0, 30) 
(0, 31) (0, 1) (10, 30) 
(0, 31) (0, 1) (9, 29) 
(0, 31) (0, 1) (9, 30) 
(0, 31) (0, 1) (8, 26) 
(0, 31) (0, 1) (8, 27) 
(0, 31) (0, 1) (8, 28) 
(0, 31) (0, 1) (8, 29) 
(0, 31) (0, 1) (8, 30) 
(0, 31) (0, 1) (7, 26) 
(0, 31) (0, 1) (7, 27) 
(0, 31) (0, 1) (7, 28) 
(0, 31) (0, 1) (7, 29) 
(0, 31) (0, 1) (7, 30) 
(0, 31) (0, 1) (6, 24) 
(0, 31) (0, 1) (6, 25) 
(0, 31) (0, 1) (6, 26) 
(0, 31) (0, 1) (6, 27) 
(0, 31) (0, 1) (6, 28) 
(0, 31) (0, 1) (6, 29) 
(0, 31) (0, 1) (6, 30) 
(0, 31) (0, 1) (5, 24) 
(0, 31) (0, 1) (5, 25) 
(0, 31) (0, 1) (5, 26) 
(0, 31) (0, 1) (5, 27) 
(0, 31) (0, 1) (5, 28) 
(0, 31) (0, 1) (5, 29) 
(0, 31) (0, 1) (5, 30) 
(0, 31) (0, 1) (4, 24) 
(0, 31) (0, 1) (4, 25) 
(0, 31) (0, 1) (4, 26) 
(0, 31) (0, 1) (4, 27) 
(0, 31) (0, 1) (4, 28) 
(0, 31) (0, 1) (4, 29) 
(0, 31) (0, 1) (4, 30) 
(0, 31) (0, 1) (3, 23) 
(0, 31) (0, 1) (3, 24) 
(0, 31) (0, 1) (3, 25) 
(0, 31) (0, 1) (3, 26) 
(0, 31) (0, 1) (3, 27) 
(0, 31) (0, 1) (3, 28) 
(0, 31) (0, 1) (3, 29) 
(0, 31) (0, 1) (3, 30) 
(0, 31) (0, 1) (2, 23) 
(0, 31) (0, 1) (2, 24) 
(0, 31) (0, 1) (2, 25) 
(0, 31) (0, 1) (2, 26) 
(0, 31) (0, 1) (2, 27) 
(0, 31) (0, 1) (2, 28) 
(0, 31) (0, 1) (2, 29) 
(0, 31) (0, 1) (2, 30) 
(0, 31) (0, 1) (1, 23) 
(0, 31) (0, 1) (1, 24) 
(0, 31) (0, 1) (1, 25) 
(0, 31) (0, 1) (1, 26) 
(0, 31) (0, 1) (1, 27) 
(0, 31) (0, 1) (1, 28) 
(0, 31) (0, 1) (1, 29) 
(0, 31) (0, 1) (1, 30) 
(0, 31) (0, 1) (0, 22) 
(0, 31) (0, 1) (0, 23) 
(0, 31) (0, 1) (0, 24) 
(0, 31) (0, 1) (0, 25) 
(0, 31) (0, 1) (0, 26) 
(0, 31) (0, 1) (0, 27) 
(0, 31) (0, 1) (0, 28) 
(0, 31) (0, 1) (0, 29) 
(0, 31) (0, 1) (0, 30) 
(0, 32) (0, 1) (10, 30) 
(0, 32) (0, 1) (9, 28) 
(0, 32) (0, 1) (9, 29) 
(0, 32) (0, 1) (9, 30) 
(0, 32) (0, 1) (8, 26) 
(0, 32) (0, 1) (8, 27) 
(0, 32) (0, 1) (8, 28) 
(0, 32) (0, 1) (8, 29) 
(0, 32) (0, 1) (8, 30) 
(0, 32) (0, 1) (7, 25) 
(0, 32) (0, 1) (7, 26) 
(0, 32) (0, 1) (7, 27) 
(0, 32) (0, 1) (7, 28) 
(0, 32) (0, 1) (7, 29) 
(0, 32) (0, 1) (7, 30) 
(0, 32) (0, 1) (6, 24) 
(0, 32) (0, 1) (6, 25) 
(0, 32) (0, 1) (6, 26) 
(0, 32) (0, 1) (6, 27) 
(0, 32) (0, 1) (6, 28) 
(0, 32) (0, 1) (6, 29) 
(0, 32) (0, 1) (6, 30) 
(0, 32) (0, 1) (5, 24) 
(0, 32) (0, 1) (5, 25) 
(0, 32) (0, 1) (5, 26) 
(0, 32) (0, 1) (5, 27) 
(0, 32) (0, 1) (5, 28) 
(0, 32) (0, 1) (5, 29) 
(0, 32) (0, 1) (5, 30) 
(0, 32) (0, 1) (4, 23) 
(0, 32) (0, 1) (4, 24) 
(0, 32) (0, 1) (4, 25) 
(0, 32) (0, 1) (4, 26) 
(0, 32) (0, 1) (4, 27) 
(0, 32) (0, 1) (4, 28) 
(0, 32) (0, 1) (4, 29) 
(0, 32) (0, 1) (4, 30) 
(0, 32) (0, 1) (3, 23) 
(0, 32) (0, 1) (3, 24) 
(0, 32) (0, 1) (3, 25) 
(0, 32) (0, 1) (3, 26) 
(0, 32) (0, 1) (3, 27) 
(0, 32) (0, 1) (3, 28) 
(0, 32) (0, 1) (3, 29) 
(0, 32) (0, 1) (3, 30) 
(0, 32) (0, 1) (2, 23) 
(0, 32) (0, 1) (2, 24) 
(0, 32) (0, 1) (2, 25) 
(0, 32) (0, 1) (2, 26) 
(0, 32) (0, 1) (2, 27) 
(0, 32) (0, 1) (2, 28) 
(0, 32) (0, 1) (2, 29) 
(0, 32) (0, 1) (2, 30) 
(0, 32) (0, 1) (1, 23) 
(0, 32) (0, 1) (1, 24) 
(0, 32) (0, 1) (1, 25) 
(0, 32) (0, 1) (1, 26) 
(0, 32) (0, 1) (1, 27) 
(0, 32) (0, 1) (1, 28) 
(0, 32) (0, 1) (1, 29) 
(0, 32) (0, 1) (1, 30) 
(0, 32) (0, 1) (0, 22) 
(0, 32) (0, 1) (0, 23) 
(0, 32) (0, 1) (0, 24) 
(0, 32) (0, 1) (0, 25) 
(0, 32) (0, 1) (0, 26) 
(0, 32) (0, 1) (0, 27) 
(0, 32) (0, 1) (0, 28) 
(0, 32) (0, 1) (0, 29) 
(0, 32) (0, 1) (0, 30) 
(0, 33) (0, 1) (10, 29) 
(0, 33) (0, 1) (10, 30) 
(0, 33) (0, 1) (9, 28) 
(0, 33) (0, 1) (9, 29) 
(0, 33) (0, 1) (9, 30) 
(0, 33) (0, 1) (8, 26) 
(0, 33) (0, 1) (8, 27) 
(0, 33) (0, 1) (8, 28) 
(0, 33) (0, 1) (8, 29) 
(0, 33) (0, 1) (8, 30) 
(0, 33) (0, 1) (7, 25) 
(0, 33) (0, 1) (7, 26) 
(0, 33) (0, 1) (7, 27) 
(0, 33) (0, 1) (7, 28) 
(0, 33) (0, 1) (7, 29) 
(0, 33) (0, 1) (7, 30) 
(0, 33) (0, 1) (6, 24) 
(0, 33) (0, 1) (6, 25) 
(0, 33) (0, 1) (6, 26) 
(0, 33) (0, 1) (6, 27) 
(0, 33) (0, 1) (6, 28) 
(0, 33) (0, 1) (6, 29) 
(0, 33) (0, 1) (6, 30) 
(0, 33) (0, 1) (5, 24) 
(0, 33) (0, 1) (5, 25) 
(0, 33) (0, 1) (5, 26) 
(0, 33) (0, 1) (5, 27) 
(0, 33) (0, 1) (5, 28) 
(0, 33) (0, 1) (5, 29) 
(0, 33) (0, 1) (5, 30) 
(0, 33) (0, 1) (4, 23) 
(0, 33) (0, 1) (4, 24) 
(0, 33) (0, 1) (4, 25) 
(0, 33) (0, 1) (4, 26) 
(0, 33) (0, 1) (4, 27) 
(0, 33) (0, 1) (4, 28) 
(0, 33) (0, 1) (4, 29) 
(0, 33) (0, 1) (4, 30) 
(0, 33) (0, 1) (3, 23) 
(0, 33) (0, 1) (3, 24) 
(0, 33) (0, 1) (3, 25) 
(0, 33) (0, 1) (3, 26) 
(0, 33) (0, 1) (3, 27) 
(0, 33) (0, 1) (3, 28) 
(0, 33) (0, 1) (3, 29) 
(0, 33) (0, 1) (3, 30) 
(0, 33) (0, 1) (2, 23) 
(0, 33) (0, 1) (2, 24) 
(0, 33) (0, 1) (2, 25) 
(0, 33) (0, 1) (2, 26) 
(0, 33) (0, 1) (2, 27) 
(0, 33) (0, 1) (2, 28) 
(0, 33) (0, 1) (2, 29) 
(0, 33) (0, 1) (2, 30) 
(0, 33) (0, 1) (1, 22) 
(0, 33) (0, 1) (1, 23) 
(0, 33) (0, 1) (1, 24) 
(0, 33) (0, 1) (1, 25) 
(0, 33) (0, 1) (1, 26) 
(0, 33) (0, 1) (1, 27) 
(0, 33) (0, 1) (1, 28) 
(0, 33) (0, 1) (1, 29) 
(0, 33) (0, 1) (1, 30) 
(0, 33) (0, 1) (0, 22) 
(0, 33) (0, 1) (0, 23) 
(0, 33) (0, 1) (0, 24) 
(0, 33) (0, 1) (0, 25) 
(0, 33) (0, 1) (0, 26) 
(0, 33) (0, 1) (0, 27) 
(0, 33) (0, 1) (0, 28) 
(0, 33) (0, 1) (0, 29) 
(0, 33) (0, 1) (0, 30) 
